evolve
initial
[3, 4, 4, 4, 1]
[3, 0, 3, 4, 3]
[4, 0, 2, 3, 4]
[3, 3, 4, 4, 3]
[2, 3, 1, 3, 4]


initial
[1, 1, 0, 2, 1]
[2, 0, 2, 2, 3]
[3, 4, 2, 2, 2]
[2, 1, 2, 2, 0]
[1, 3, 1, 2, 1]


parent1
[1, 1, 0, 2, 1]
[2, 0, 2, 2, 3]
[3, 4, 2, 2, 2]
[2, 1, 2, 2, 0]
[1, 3, 1, 2, 1]


parent2
[1, 1, 0, 2, 1]
[2, 0, 2, 2, 3]
[3, 4, 2, 2, 2]
[2, 1, 2, 2, 0]
[1, 3, 1, 2, 1]


after crossover
[1, 1, 0, 2, 1]
[2, 0, 2, 2, 3]
[3, 4, 2, 2, 2]
[2, 1, 2, 2, 0]
[1, 3, 1, 2, 1]


parent1
[1, 1, 0, 2, 1]
[2, 0, 2, 2, 3]
[3, 4, 2, 2, 2]
[2, 1, 2, 2, 0]
[1, 3, 1, 2, 1]


parent2
[1, 1, 0, 2, 1]
[2, 0, 2, 2, 3]
[3, 4, 2, 2, 2]
[2, 1, 2, 2, 0]
[1, 3, 1, 2, 1]


after crossover
[1, 1, 0, 2, 1]
[2, 0, 2, 2, 3]
[3, 4, 2, 2, 2]
[2, 1, 2, 2, 0]
[1, 3, 1, 2, 1]


hill new_pop
[1, 1, 0, 2, 1]
[2, 0, 2, 2, 3]
[3, 4, 2, 2, 2]
[2, 1, 1, 2, 0]
[1, 3, 1, 2, 1]


hill new_pop
[1, 1, 0, 2, 1]
[2, 0, 1, 2, 3]
[3, 4, 2, 2, 2]
[2, 1, 2, 2, 0]
[1, 3, 1, 2, 1]


hill new_pop
[1, 1, 0, 2, 1]
[2, 0, 2, 2, 3]
[3, 4, 2, 2, 2]
[2, 1, 2, 2, 0]
[1, 3, 1, 2, 1]


hill new_pop
[1, 1, 0, 2, 1]
[2, 0, 2, 2, 3]
[3, 4, 2, 2, 2]
[2, 1, 2, 2, 0]
[1, 2, 1, 2, 1]


hill new_pop
[1, 1, 0, 2, 1]
[2, 0, 2, 1, 3]
[3, 4, 2, 2, 2]
[2, 1, 2, 2, 0]
[1, 3, 1, 2, 1]


hill new_pop
[1, 1, 0, 4, 1]
[2, 0, 2, 2, 3]
[3, 4, 2, 2, 2]
[2, 1, 2, 2, 0]
[1, 3, 1, 2, 1]


hill new_pop
[1, 1, 0, 2, 1]
[2, 0, 2, 2, 3]
[3, 4, 2, 2, 0]
[2, 1, 2, 2, 0]
[1, 3, 1, 2, 1]


hill new_pop
[4, 1, 0, 2, 1]
[2, 0, 2, 2, 3]
[3, 4, 2, 2, 2]
[2, 1, 2, 2, 0]
[1, 3, 1, 2, 1]


hill new_pop
[1, 2, 0, 2, 1]
[2, 0, 2, 2, 3]
[3, 4, 2, 2, 2]
[2, 1, 2, 2, 0]
[1, 3, 1, 2, 1]


hill new_pop
[1, 1, 0, 2, 1]
[2, 0, 2, 2, 3]
[3, 4, 2, 2, 2]
[2, 1, 2, 2, 0]
[1, 1, 1, 2, 1]


