evolve
initial
[1, 2, 2, 4, 1]
[3, 4, 1, 0, 1]
[3, 1, 3, 1, 3]
[4, 3, 4, 2, 2]
[1, 1, 2, 4, 3]


initial
[2, 1, 3, 3, 4]
[2, 3, 4, 2, 1]
[3, 2, 4, 1, 0]
[0, 3, 3, 0, 3]
[1, 1, 1, 4, 2]


initial
[1, 1, 4, 2, 2]
[3, 2, 1, 4, 4]
[0, 1, 0, 4, 4]
[4, 0, 0, 2, 4]
[4, 3, 2, 2, 2]


initial
[0, 0, 2, 4, 4]
[4, 0, 0, 1, 3]
[1, 4, 2, 0, 1]
[2, 1, 1, 2, 2]
[2, 2, 4, 3, 0]


initial
[1, 3, 2, 2, 0]
[3, 1, 4, 1, 1]
[2, 2, 1, 3, 2]
[3, 0, 1, 1, 1]
[1, 3, 4, 1, 4]


parent1
[1, 3, 2, 2, 0]
[3, 1, 4, 1, 1]
[2, 2, 1, 3, 2]
[3, 0, 1, 1, 1]
[1, 3, 4, 1, 4]


parent2
[1, 3, 2, 2, 0]
[3, 1, 4, 1, 1]
[2, 2, 1, 3, 2]
[3, 0, 1, 1, 1]
[1, 3, 4, 1, 4]


after crossover
[1, 3, 2, 2, 0]
[3, 1, 4, 1, 1]
[2, 2, 1, 3, 2]
[3, 0, 1, 1, 1]
[1, 3, 4, 1, 4]


parent1
[1, 3, 2, 2, 0]
[3, 1, 4, 1, 1]
[2, 2, 1, 3, 2]
[3, 0, 1, 1, 1]
[1, 3, 4, 1, 4]


parent2
[1, 1, 4, 2, 2]
[3, 2, 1, 4, 4]
[0, 1, 0, 4, 4]
[4, 0, 0, 2, 4]
[4, 3, 2, 2, 2]


after crossover
[1, 1, 4, 2, 2]
[3, 2, 1, 4, 4]
[0, 1, 0, 4, 4]
[4, 0, 0, 2, 4]
[1, 3, 4, 1, 4]


after mutation
[1, 1, 4, 2, 2]
[3, 2, 1, 4, 4]
[0, 1, 0, 4, 4]
[4, 0, 0, 2, 4]
[1, 3, 4, 1, 4]


parent1
[1, 3, 2, 2, 0]
[3, 1, 4, 1, 1]
[2, 2, 1, 3, 2]
[3, 0, 1, 1, 1]
[1, 3, 4, 1, 4]


parent2
[0, 0, 2, 4, 4]
[4, 0, 0, 1, 3]
[1, 4, 2, 0, 1]
[2, 1, 1, 2, 2]
[2, 2, 4, 3, 0]


after crossover
[0, 0, 2, 4, 4]
[4, 0, 0, 1, 3]
[1, 4, 2, 0, 1]
[3, 0, 1, 1, 1]
[1, 3, 4, 1, 4]


parent1
[2, 1, 3, 3, 4]
[2, 3, 4, 2, 1]
[3, 2, 4, 1, 0]
[0, 3, 3, 0, 3]
[1, 1, 1, 4, 2]


parent2
[2, 1, 3, 3, 4]
[2, 3, 4, 2, 1]
[3, 2, 4, 1, 0]
[0, 3, 3, 0, 3]
[1, 1, 1, 4, 2]


after crossover
[2, 1, 3, 3, 4]
[2, 3, 4, 2, 1]
[3, 2, 4, 1, 0]
[0, 3, 3, 0, 3]
[1, 1, 1, 4, 2]


after mutation
[2, 1, 3, 3, 4]
[2, 3, 4, 2, 1]
[3, 2, 4, 1, 0]
[0, 4, 3, 0, 3]
[1, 1, 1, 4, 2]


parent1
[2, 1, 3, 3, 4]
[2, 3, 4, 2, 1]
[3, 2, 4, 1, 0]
[0, 3, 3, 0, 3]
[1, 1, 1, 4, 2]


parent2
[2, 1, 3, 3, 4]
[2, 3, 4, 2, 1]
[3, 2, 4, 1, 0]
[0, 3, 3, 0, 3]
[1, 1, 1, 4, 2]


after crossover
[2, 1, 3, 3, 4]
[2, 3, 4, 2, 1]
[3, 2, 4, 1, 0]
[0, 3, 3, 0, 3]
[1, 1, 1, 4, 2]


hill new_pop
[1, 3, 2, 2, 0]
[3, 1, 4, 1, 1]
[2, 2, 1, 3, 2]
[3, 0, 1, 1, 1]
[1, 3, 4, 1, 4]


hill new_pop
[1, 3, 2, 2, 0]
[3, 1, 4, 1, 1]
[2, 2, 1, 3, 2]
[3, 0, 1, 0, 1]
[1, 3, 4, 1, 4]


hill new_pop
[1, 3, 2, 2, 0]
[3, 1, 4, 1, 1]
[2, 2, 1, 3, 2]
[3, 0, 1, 1, 1]
[1, 3, 4, 1, 4]


hill new_pop
[0, 0, 2, 4, 4]
[4, 0, 0, 1, 3]
[1, 4, 2, 0, 1]
[3, 0, 1, 1, 1]
[1, 3, 4, 1, 4]


hill best robot
[0, 0, 2, 4, 4]
[4, 0, 0, 1, 3]
[1, 4, 2, 0, 1]
[3, 0, 1, 1, 1]
[1, 3, 4, 1, 4]


hill new_pop
[0, 0, 2, 4, 4]
[4, 0, 0, 1, 3]
[1, 4, 2, 0, 1]
[3, 0, 4, 1, 1]
[1, 3, 4, 1, 4]


hill new_pop
[0, 0, 2, 4, 4]
[3, 0, 0, 1, 3]
[1, 4, 2, 0, 1]
[3, 0, 1, 1, 1]
[1, 3, 4, 1, 4]


hill new_pop
[2, 1, 3, 3, 4]
[2, 3, 3, 2, 1]
[3, 2, 4, 1, 0]
[0, 4, 3, 0, 3]
[1, 1, 1, 4, 2]


hill new_pop
[2, 1, 3, 3, 4]
[2, 3, 4, 2, 1]
[3, 2, 4, 1, 0]
[0, 4, 3, 0, 3]
[1, 4, 1, 4, 2]


hill new_pop
[2, 1, 3, 3, 4]
[2, 3, 4, 2, 1]
[3, 2, 1, 1, 0]
[0, 4, 3, 0, 3]
[1, 1, 1, 4, 2]


hill new_pop
[2, 1, 3, 3, 4]
[2, 3, 4, 2, 1]
[3, 2, 4, 1, 0]
[0, 3, 3, 0, 3]
[1, 1, 1, 4, 2]


hill new_pop
[2, 1, 3, 3, 4]
[2, 3, 4, 2, 0]
[3, 2, 4, 1, 0]
[0, 3, 3, 0, 3]
[1, 1, 1, 4, 2]


hill new_pop
[2, 1, 3, 3, 4]
[2, 3, 4, 2, 1]
[3, 2, 4, 1, 0]
[0, 3, 3, 0, 3]
[1, 1, 1, 4, 2]


hill new_pop
[1, 1, 4, 2, 2]
[3, 3, 1, 4, 4]
[0, 1, 0, 4, 4]
[4, 0, 0, 2, 4]
[1, 3, 4, 1, 4]


hill best robot
[1, 1, 4, 2, 2]
[3, 3, 1, 4, 4]
[0, 1, 0, 4, 4]
[4, 0, 0, 2, 4]
[1, 3, 4, 1, 4]


hill new_pop
[1, 1, 4, 2, 2]
[4, 3, 1, 4, 4]
[0, 1, 0, 4, 4]
[4, 0, 0, 2, 4]
[1, 3, 4, 1, 4]


hill new_pop
[1, 1, 4, 2, 2]
[3, 3, 1, 4, 4]
[0, 1, 0, 4, 4]
[4, 0, 0, 2, 4]
[1, 3, 4, 1, 4]


