evolve
initial
[4, 2, 3, 1, 0]
[3, 4, 4, 4, 0]
[3, 1, 3, 2, 4]
[1, 4, 4, 0, 1]
[4, 0, 0, 3, 1]


initial
[2, 1, 3, 2, 4]
[4, 0, 4, 1, 1]
[4, 3, 0, 2, 2]
[2, 2, 1, 0, 3]
[3, 3, 4, 0, 0]


parent1
[2, 1, 3, 2, 4]
[4, 0, 4, 1, 1]
[4, 3, 0, 2, 2]
[2, 2, 1, 0, 3]
[3, 3, 4, 0, 0]


parent2
[2, 1, 3, 2, 4]
[4, 0, 4, 1, 1]
[4, 3, 0, 2, 2]
[2, 2, 1, 0, 3]
[3, 3, 4, 0, 0]


after crossover
[2, 1, 3, 2, 4]
[4, 0, 4, 1, 1]
[4, 3, 0, 2, 2]
[2, 2, 1, 0, 3]
[3, 3, 4, 0, 0]


parent1
[2, 1, 3, 2, 4]
[4, 0, 4, 1, 1]
[4, 3, 0, 2, 2]
[2, 2, 1, 0, 3]
[3, 3, 4, 0, 0]


parent2
[2, 1, 3, 2, 4]
[4, 0, 4, 1, 1]
[4, 3, 0, 2, 2]
[2, 2, 1, 0, 3]
[3, 3, 4, 0, 0]


after crossover
[2, 1, 3, 2, 4]
[4, 0, 4, 1, 1]
[4, 3, 0, 2, 2]
[2, 2, 1, 0, 3]
[3, 3, 4, 0, 0]


after mutation
[2, 1, 3, 2, 4]
[4, 0, 4, 1, 1]
[4, 3, 0, 2, 2]
[2, 2, 1, 0, 3]
[3, 3, 4, 0, 0]


hill new_pop
[2, 1, 3, 2, 4]
[4, 0, 4, 1, 1]
[4, 3, 0, 2, 2]
[2, 2, 1, 0, 3]
[3, 3, 4, 0, 0]


hill new_pop
[2, 1, 3, 2, 4]
[4, 0, 4, 0, 1]
[4, 3, 0, 2, 2]
[2, 2, 1, 0, 3]
[3, 3, 4, 0, 0]


hill best robot
[2, 1, 3, 2, 4]
[4, 0, 4, 0, 1]
[4, 3, 0, 2, 2]
[2, 2, 1, 0, 3]
[3, 3, 4, 0, 0]


hill new_pop
[2, 1, 3, 2, 4]
[4, 0, 4, 0, 1]
[4, 3, 0, 2, 2]
[2, 2, 1, 0, 3]
[3, 3, 4, 0, 0]


hill new_pop
[2, 1, 3, 2, 4]
[4, 0, 4, 1, 1]
[4, 3, 0, 2, 2]
[2, 2, 1, 0, 3]
[3, 3, 4, 0, 0]


hill new_pop
[2, 1, 3, 2, 4]
[4, 0, 4, 0, 1]
[4, 3, 0, 2, 2]
[2, 2, 1, 0, 3]
[0, 3, 4, 0, 0]


hill new_pop
[2, 1, 3, 0, 4]
[4, 0, 4, 1, 1]
[4, 3, 0, 2, 2]
[2, 2, 1, 0, 3]
[3, 3, 4, 0, 0]


