evolve
initial
[[2, 2, 2, 2, 2], [4, 1, 4, 0, 0], [1, 2, 1, 2, 4], [3, 4, 3, 4, 0], [1, 2, 3, 2, 3]]


initial
[[3, 1, 0, 1, 1], [4, 1, 2, 3, 4], [4, 0, 0, 2, 0], [3, 1, 4, 0, 3], [1, 3, 1, 1, 3]]


parent1
[[3, 1, 0, 1, 1], [4, 1, 2, 3, 4], [4, 0, 0, 2, 0], [3, 1, 4, 0, 3], [1, 3, 1, 1, 3]]


parent2
[[3, 1, 0, 1, 1], [4, 1, 2, 3, 4], [4, 0, 0, 2, 0], [3, 1, 4, 0, 3], [1, 3, 1, 1, 3]]


after crossover
[[3, 1, 0, 1, 1], [4, 1, 2, 3, 4], [4, 0, 0, 2, 0], [3, 1, 4, 0, 3], [1, 3, 1, 1, 3]]


parent1
[[3, 1, 0, 1, 1], [4, 1, 2, 3, 4], [4, 0, 0, 2, 0], [3, 1, 4, 0, 3], [1, 3, 1, 1, 3]]


parent2
[[3, 1, 0, 1, 1], [4, 1, 2, 3, 4], [4, 0, 0, 2, 0], [3, 1, 4, 0, 3], [1, 3, 1, 1, 3]]


after crossover
[[3, 1, 0, 1, 1], [4, 1, 2, 3, 4], [4, 0, 0, 2, 0], [3, 1, 4, 0, 3], [1, 3, 1, 1, 3]]


hill new_pop
[[3, 1, 0, 1, 1], [4, 1, 2, 3, 4], [4, 0, 0, 2, 0], [3, 1, 4, 0, 0], [1, 3, 1, 1, 3]]


hill new_pop
[[3, 1, 0, 1, 1], [4, 1, 2, 3, 4], [4, 0, 0, 2, 0], [3, 1, 4, 0, 3], [1, 3, 1, 1, 3]]


hill new_pop
[[3, 1, 0, 1, 1], [4, 1, 2, 3, 4], [4, 0, 0, 2, 0], [3, 1, 4, 0, 3], [1, 3, 1, 2, 3]]


hill new_pop
[[3, 1, 0, 1, 1], [4, 1, 2, 3, 4], [4, 0, 0, 2, 1], [3, 1, 4, 0, 3], [1, 3, 1, 1, 3]]


hill new_pop
[[3, 1, 0, 1, 1], [4, 1, 2, 3, 4], [4, 0, 0, 2, 0], [3, 1, 3, 0, 3], [1, 3, 1, 1, 3]]


hill new_pop
[[3, 1, 0, 1, 1], [4, 1, 2, 3, 4], [1, 0, 0, 2, 0], [3, 1, 4, 0, 3], [1, 3, 1, 1, 3]]


hill new_pop
[[3, 1, 0, 1, 1], [4, 1, 2, 3, 4], [4, 0, 0, 2, 0], [3, 1, 4, 0, 4], [1, 3, 1, 1, 3]]


hill new_pop
[[3, 1, 4, 1, 1], [4, 1, 2, 3, 4], [4, 0, 0, 2, 0], [3, 1, 4, 0, 3], [1, 3, 1, 1, 3]]


hill new_pop
[[3, 1, 0, 1, 1], [4, 1, 2, 3, 4], [4, 0, 0, 2, 0], [3, 1, 4, 0, 3], [1, 3, 1, 1, 3]]


hill new_pop
[[3, 1, 0, 1, 1], [4, 1, 2, 3, 4], [4, 0, 0, 2, 0], [3, 1, 4, 0, 3], [1, 3, 1, 1, 3]]


