evolve
initial
[1, 1, 3, 2, 1]
[0, 3, 0, 0, 2]
[3, 2, 4, 1, 1]
[4, 0, 2, 2, 4]
[4, 2, 3, 3, 3]


initial
[3, 0, 1, 1, 0]
[2, 0, 3, 2, 0]
[4, 1, 4, 3, 3]
[1, 1, 0, 4, 2]
[3, 0, 3, 4, 3]


parent1
[3, 0, 1, 1, 0]
[2, 0, 3, 2, 0]
[4, 1, 4, 3, 3]
[1, 1, 0, 4, 2]
[3, 0, 3, 4, 3]


parent2
[3, 0, 1, 1, 0]
[2, 0, 3, 2, 0]
[4, 1, 4, 3, 3]
[1, 1, 0, 4, 2]
[3, 0, 3, 4, 3]


after crossover
[3, 0, 1, 1, 0]
[2, 0, 3, 2, 0]
[4, 1, 4, 3, 3]
[1, 1, 0, 4, 2]
[3, 0, 3, 4, 3]


parent1
[3, 0, 1, 1, 0]
[2, 0, 3, 2, 0]
[4, 1, 4, 3, 3]
[1, 1, 0, 4, 2]
[3, 0, 3, 4, 3]


parent2
[3, 0, 1, 1, 0]
[2, 0, 3, 2, 0]
[4, 1, 4, 3, 3]
[1, 1, 0, 4, 2]
[3, 0, 3, 4, 3]


after crossover
[3, 0, 1, 1, 0]
[2, 0, 3, 2, 0]
[4, 1, 4, 3, 3]
[1, 1, 0, 4, 2]
[3, 0, 3, 4, 3]


hill new_pop
[3, 0, 1, 1, 0]
[2, 0, 3, 2, 0]
[4, 1, 4, 3, 3]
[1, 1, 0, 4, 2]
[3, 0, 3, 4, 3]


hill new_pop
[3, 0, 1, 1, 0]
[2, 0, 3, 2, 0]
[1, 1, 4, 3, 3]
[1, 1, 0, 4, 2]
[3, 0, 3, 4, 3]


hill new_pop
[3, 0, 1, 1, 0]
[2, 0, 3, 2, 0]
[4, 1, 4, 3, 3]
[1, 1, 1, 4, 2]
[3, 0, 3, 4, 3]


hill best robot
[3, 0, 1, 1, 0]
[2, 0, 3, 2, 0]
[1, 1, 4, 3, 3]
[1, 1, 0, 4, 2]
[3, 0, 3, 4, 3]


hill new_pop
[3, 0, 1, 1, 0]
[2, 0, 3, 2, 0]
[1, 1, 4, 3, 3]
[1, 1, 0, 4, 2]
[3, 0, 2, 4, 3]


hill new_pop
[3, 0, 1, 1, 0]
[2, 0, 3, 2, 1]
[4, 1, 4, 3, 3]
[1, 1, 0, 4, 2]
[3, 0, 3, 4, 3]


hill new_pop
[3, 0, 1, 2, 0]
[2, 0, 3, 2, 0]
[1, 1, 4, 3, 3]
[1, 1, 0, 4, 2]
[3, 0, 3, 4, 3]


hill new_pop
[3, 0, 1, 1, 0]
[2, 0, 3, 2, 0]
[4, 1, 4, 3, 3]
[1, 1, 0, 4, 2]
[3, 0, 3, 4, 4]


hill best robot
[3, 0, 1, 1, 0]
[2, 0, 3, 2, 0]
[4, 1, 4, 3, 3]
[1, 1, 0, 4, 2]
[3, 0, 3, 4, 4]


hill new_pop
[3, 0, 1, 1, 0]
[2, 0, 3, 2, 0]
[4, 1, 4, 3, 3]
[1, 1, 0, 4, 2]
[3, 0, 3, 4, 4]


hill new_pop
[3, 0, 1, 1, 0]
[2, 0, 3, 2, 0]
[1, 1, 4, 3, 3]
[1, 1, 0, 4, 2]
[3, 4, 3, 4, 3]


hill new_pop
[3, 0, 1, 1, 0]
[2, 0, 3, 2, 0]
[2, 1, 4, 3, 3]
[1, 1, 0, 4, 2]
[3, 0, 3, 4, 3]


