evolve
initial
[4, 2, 3, 0, 0]
[4, 2, 3, 4, 4]
[2, 4, 0, 1, 0]
[4, 1, 4, 2, 2]
[1, 2, 2, 2, 2]


initial
[2, 0, 4, 1, 4]
[2, 1, 3, 1, 0]
[0, 4, 1, 1, 3]
[3, 1, 3, 3, 4]
[3, 3, 3, 0, 3]


initial
[0, 3, 1, 2, 2]
[3, 0, 4, 4, 2]
[1, 0, 0, 0, 4]
[1, 3, 1, 2, 4]
[1, 4, 3, 3, 3]


initial
[0, 1, 3, 4, 0]
[2, 4, 3, 3, 0]
[0, 0, 0, 3, 4]
[4, 4, 4, 3, 3]
[3, 0, 0, 0, 2]


initial
[1, 1, 3, 2, 3]
[0, 3, 0, 4, 3]
[1, 1, 4, 3, 4]
[2, 3, 0, 1, 3]
[4, 1, 0, 1, 1]


initial
[3, 3, 1, 0, 4]
[2, 2, 4, 3, 3]
[0, 4, 3, 3, 1]
[0, 4, 2, 4, 1]
[3, 1, 0, 0, 1]


initial
[1, 0, 3, 3, 1]
[4, 3, 1, 0, 3]
[2, 0, 4, 0, 3]
[2, 2, 3, 4, 2]
[3, 4, 4, 0, 2]


initial
[4, 4, 0, 1, 4]
[4, 1, 2, 3, 3]
[0, 1, 0, 3, 2]
[2, 3, 0, 1, 2]
[1, 2, 2, 3, 4]


initial
[0, 3, 3, 3, 0]
[1, 4, 3, 4, 4]
[4, 1, 0, 1, 4]
[3, 0, 3, 0, 1]
[1, 2, 3, 4, 2]


initial
[2, 4, 2, 0, 1]
[0, 4, 4, 2, 2]
[4, 2, 4, 3, 4]
[0, 0, 4, 0, 1]
[0, 3, 2, 1, 0]


initial
[0, 0, 3, 1, 3]
[0, 0, 3, 4, 0]
[1, 1, 2, 4, 3]
[2, 0, 2, 4, 3]
[3, 2, 4, 2, 1]


initial
[0, 0, 1, 2, 3]
[4, 1, 4, 4, 4]
[1, 3, 1, 0, 2]
[0, 2, 2, 2, 4]
[1, 4, 4, 0, 3]


initial
[3, 1, 1, 0, 1]
[4, 1, 3, 0, 3]
[1, 0, 3, 3, 2]
[0, 3, 4, 1, 1]
[2, 1, 4, 0, 2]


initial
[2, 0, 1, 4, 4]
[1, 4, 0, 0, 4]
[1, 3, 0, 0, 1]
[2, 2, 3, 2, 1]
[1, 0, 4, 3, 4]


initial
[0, 3, 2, 2, 1]
[0, 3, 2, 1, 0]
[1, 1, 0, 4, 1]
[4, 2, 0, 1, 4]
[2, 3, 3, 2, 1]


initial
[4, 3, 3, 2, 1]
[0, 4, 4, 3, 3]
[2, 1, 3, 3, 2]
[1, 4, 0, 1, 2]
[3, 4, 0, 1, 0]


initial
[3, 1, 2, 3, 1]
[1, 0, 1, 2, 4]
[0, 3, 1, 1, 0]
[3, 3, 3, 3, 2]
[2, 2, 4, 2, 3]


initial
[2, 3, 3, 3, 1]
[4, 4, 1, 1, 3]
[1, 1, 4, 3, 4]
[1, 0, 4, 3, 1]
[1, 0, 0, 2, 3]


initial
[4, 3, 3, 0, 4]
[4, 0, 4, 3, 2]
[4, 2, 4, 2, 2]
[4, 1, 0, 3, 2]
[1, 2, 2, 0, 3]


initial
[2, 3, 0, 2, 3]
[2, 2, 2, 3, 3]
[2, 0, 4, 4, 3]
[1, 0, 4, 2, 2]
[4, 2, 4, 1, 1]


initial
[4, 3, 2, 4, 3]
[2, 0, 1, 0, 0]
[4, 4, 0, 3, 4]
[4, 1, 4, 3, 1]
[2, 4, 0, 1, 4]


initial
[3, 4, 4, 3, 2]
[4, 0, 4, 1, 1]
[4, 1, 4, 1, 1]
[3, 1, 2, 4, 2]
[2, 1, 4, 4, 1]


initial
[2, 4, 4, 2, 2]
[4, 2, 2, 1, 2]
[4, 0, 4, 3, 3]
[3, 4, 1, 3, 2]
[1, 3, 2, 2, 0]


initial
[2, 0, 4, 0, 1]
[3, 2, 4, 0, 2]
[4, 3, 0, 0, 2]
[1, 0, 0, 4, 2]
[1, 2, 1, 3, 3]


initial
[3, 0, 1, 2, 4]
[3, 3, 4, 3, 1]
[0, 1, 3, 0, 1]
[2, 2, 1, 4, 1]
[1, 0, 3, 4, 3]


initial
[1, 3, 4, 1, 3]
[0, 4, 4, 3, 0]
[2, 1, 1, 4, 4]
[1, 1, 2, 1, 0]
[4, 4, 1, 1, 1]


initial
[4, 1, 1, 2, 2]
[0, 1, 1, 1, 0]
[2, 0, 4, 2, 0]
[1, 3, 1, 3, 1]
[1, 4, 3, 3, 0]


initial
[0, 1, 1, 3, 4]
[1, 2, 2, 0, 0]
[3, 1, 1, 0, 4]
[2, 4, 2, 4, 3]
[4, 0, 1, 3, 1]


initial
[1, 2, 1, 0, 0]
[3, 3, 4, 4, 3]
[3, 3, 3, 3, 1]
[4, 2, 2, 1, 2]
[1, 4, 1, 1, 3]


initial
[2, 3, 4, 2, 1]
[0, 2, 4, 3, 4]
[0, 0, 4, 1, 1]
[0, 2, 0, 3, 3]
[2, 4, 3, 2, 2]


initial
[1, 2, 1, 0, 1]
[2, 2, 4, 2, 3]
[1, 3, 3, 3, 3]
[3, 2, 0, 1, 4]
[0, 0, 1, 3, 1]


initial
[1, 1, 2, 1, 3]
[2, 0, 1, 2, 4]
[4, 4, 0, 2, 0]
[2, 4, 2, 0, 2]
[0, 3, 1, 4, 1]


initial
[4, 2, 2, 4, 2]
[0, 4, 0, 1, 4]
[2, 2, 2, 2, 1]
[4, 1, 2, 0, 0]
[1, 4, 3, 3, 2]


initial
[3, 2, 3, 3, 0]
[4, 1, 1, 4, 0]
[1, 3, 1, 2, 2]
[3, 1, 0, 1, 4]
[2, 3, 3, 1, 4]


initial
[1, 2, 2, 2, 3]
[0, 4, 2, 0, 1]
[0, 0, 0, 2, 3]
[3, 4, 3, 1, 0]
[0, 1, 0, 3, 4]


initial
[0, 3, 4, 1, 2]
[4, 2, 0, 1, 1]
[2, 0, 0, 0, 2]
[3, 1, 3, 4, 1]
[2, 1, 3, 3, 4]


initial
[4, 2, 0, 2, 2]
[2, 2, 1, 4, 4]
[0, 4, 1, 2, 4]
[4, 2, 1, 4, 0]
[1, 2, 3, 2, 0]


initial
[2, 3, 1, 1, 3]
[1, 0, 2, 3, 0]
[3, 0, 0, 1, 1]
[1, 4, 1, 4, 1]
[1, 3, 4, 0, 4]


initial
[4, 2, 3, 4, 3]
[3, 4, 2, 3, 3]
[1, 0, 0, 0, 2]
[0, 3, 1, 1, 4]
[4, 1, 1, 2, 2]


initial
[3, 4, 4, 3, 3]
[4, 1, 0, 3, 4]
[0, 0, 0, 0, 4]
[4, 2, 0, 2, 4]
[3, 1, 2, 1, 2]


initial
[2, 0, 0, 0, 1]
[1, 1, 3, 4, 1]
[2, 4, 2, 0, 3]
[2, 1, 3, 2, 3]
[4, 0, 4, 2, 2]


initial
[3, 2, 2, 2, 2]
[3, 3, 3, 0, 2]
[4, 0, 4, 3, 1]
[2, 3, 0, 2, 0]
[4, 3, 2, 0, 0]


initial
[3, 4, 2, 3, 3]
[1, 3, 4, 1, 2]
[4, 2, 2, 4, 4]
[3, 4, 1, 1, 2]
[0, 4, 4, 4, 1]


initial
[2, 3, 2, 3, 2]
[4, 4, 4, 3, 4]
[2, 2, 4, 1, 4]
[2, 1, 2, 0, 4]
[0, 3, 1, 0, 1]


initial
[2, 4, 4, 0, 4]
[3, 2, 3, 4, 2]
[3, 2, 2, 1, 1]
[1, 1, 2, 4, 1]
[1, 0, 0, 4, 2]


initial
[4, 2, 3, 4, 0]
[4, 1, 1, 4, 1]
[2, 3, 0, 3, 0]
[4, 1, 2, 1, 3]
[4, 3, 2, 3, 0]


initial
[1, 2, 3, 3, 2]
[3, 4, 1, 3, 1]
[3, 0, 2, 1, 1]
[2, 1, 0, 0, 4]
[4, 3, 3, 1, 3]


initial
[2, 1, 4, 3, 4]
[2, 1, 1, 4, 4]
[2, 0, 1, 0, 2]
[3, 4, 3, 4, 1]
[3, 0, 0, 2, 2]


initial
[1, 1, 4, 1, 0]
[0, 3, 3, 0, 1]
[1, 0, 2, 0, 2]
[4, 2, 4, 4, 3]
[4, 2, 2, 3, 0]


initial
[2, 2, 0, 0, 3]
[2, 1, 0, 1, 1]
[0, 4, 4, 2, 1]
[3, 2, 0, 3, 1]
[0, 1, 3, 0, 1]


initial
[0, 2, 0, 3, 4]
[3, 4, 3, 4, 3]
[1, 4, 2, 2, 1]
[3, 4, 2, 0, 4]
[2, 1, 3, 1, 4]


initial
[1, 3, 0, 2, 4]
[3, 0, 1, 0, 2]
[3, 3, 1, 3, 3]
[3, 4, 4, 3, 4]
[4, 1, 1, 1, 0]


initial
[0, 4, 1, 0, 0]
[3, 0, 2, 4, 0]
[4, 3, 0, 3, 0]
[0, 4, 1, 4, 2]
[0, 3, 3, 0, 2]


initial
[4, 0, 3, 2, 1]
[1, 1, 1, 3, 2]
[2, 1, 0, 4, 2]
[3, 0, 4, 1, 0]
[3, 3, 1, 4, 4]


initial
[4, 2, 3, 0, 1]
[1, 1, 2, 1, 3]
[4, 0, 0, 3, 0]
[2, 4, 3, 1, 3]
[4, 1, 4, 3, 4]


initial
[2, 3, 0, 3, 1]
[0, 4, 4, 4, 1]
[4, 4, 2, 1, 4]
[4, 4, 1, 2, 3]
[4, 0, 3, 0, 0]


initial
[3, 2, 3, 1, 2]
[2, 1, 0, 4, 0]
[1, 1, 1, 1, 0]
[3, 3, 4, 0, 1]
[4, 1, 2, 3, 1]


initial
[4, 4, 2, 1, 3]
[2, 3, 1, 1, 4]
[3, 2, 1, 1, 3]
[0, 3, 4, 2, 4]
[3, 2, 1, 3, 2]


initial
[1, 3, 4, 0, 0]
[0, 4, 2, 2, 3]
[4, 1, 2, 4, 4]
[4, 3, 2, 0, 1]
[3, 0, 3, 2, 4]


initial
[0, 3, 4, 0, 2]
[1, 3, 1, 1, 2]
[0, 4, 4, 2, 4]
[3, 2, 3, 3, 4]
[3, 3, 0, 4, 4]


initial
[3, 3, 2, 3, 4]
[4, 4, 2, 4, 2]
[1, 1, 0, 0, 4]
[0, 0, 2, 2, 1]
[1, 3, 4, 4, 1]


initial
[3, 3, 2, 2, 0]
[0, 4, 1, 2, 2]
[4, 2, 3, 3, 4]
[0, 2, 1, 2, 1]
[4, 3, 4, 0, 2]


initial
[1, 3, 4, 3, 3]
[0, 3, 1, 1, 0]
[2, 2, 0, 2, 1]
[0, 1, 1, 4, 2]
[2, 2, 3, 1, 1]


initial
[0, 1, 3, 1, 4]
[4, 3, 2, 0, 1]
[4, 1, 0, 4, 1]
[1, 2, 0, 3, 4]
[0, 0, 4, 1, 1]


initial
[4, 4, 4, 4, 4]
[2, 3, 0, 3, 3]
[3, 4, 0, 0, 1]
[1, 3, 1, 2, 2]
[4, 1, 1, 2, 2]


initial
[3, 3, 2, 3, 2]
[2, 0, 3, 4, 1]
[4, 2, 0, 2, 3]
[4, 2, 4, 3, 2]
[1, 2, 3, 0, 4]


initial
[3, 4, 3, 2, 1]
[0, 4, 0, 1, 3]
[1, 1, 2, 2, 2]
[1, 3, 0, 3, 0]
[0, 4, 3, 2, 4]


initial
[4, 4, 1, 0, 4]
[2, 0, 0, 3, 4]
[2, 3, 0, 4, 3]
[1, 1, 3, 2, 1]
[3, 1, 4, 1, 0]


initial
[1, 1, 0, 0, 2]
[4, 1, 4, 2, 4]
[4, 3, 1, 2, 1]
[0, 2, 4, 4, 0]
[4, 1, 3, 3, 2]


initial
[3, 2, 3, 2, 0]
[1, 0, 2, 2, 0]
[2, 0, 2, 4, 3]
[0, 1, 2, 1, 4]
[3, 4, 4, 3, 2]


initial
[3, 4, 1, 3, 0]
[2, 0, 2, 2, 3]
[2, 4, 0, 1, 4]
[0, 2, 0, 4, 2]
[1, 1, 0, 4, 0]


initial
[4, 2, 0, 4, 2]
[2, 2, 1, 2, 2]
[3, 3, 3, 3, 2]
[0, 3, 3, 1, 4]
[3, 3, 2, 1, 4]


initial
[0, 0, 0, 0, 3]
[2, 4, 0, 4, 2]
[3, 2, 1, 2, 1]
[3, 4, 3, 0, 1]
[2, 2, 3, 2, 1]


initial
[3, 3, 4, 3, 4]
[2, 3, 4, 1, 4]
[3, 3, 2, 3, 0]
[0, 1, 3, 1, 3]
[4, 3, 1, 2, 1]


initial
[1, 3, 3, 2, 4]
[4, 4, 4, 2, 1]
[0, 1, 3, 4, 2]
[1, 0, 3, 3, 4]
[2, 3, 3, 0, 3]


initial
[3, 0, 0, 0, 2]
[2, 4, 0, 4, 2]
[2, 2, 4, 1, 1]
[1, 3, 4, 2, 1]
[1, 3, 0, 2, 4]


initial
[2, 4, 3, 2, 0]
[1, 2, 0, 1, 4]
[4, 4, 2, 4, 3]
[0, 4, 1, 1, 4]
[0, 2, 4, 0, 4]


initial
[3, 2, 4, 4, 4]
[2, 0, 0, 3, 0]
[2, 2, 0, 3, 0]
[4, 3, 3, 2, 4]
[1, 1, 0, 0, 3]


initial
[3, 1, 3, 2, 2]
[4, 4, 4, 0, 2]
[2, 2, 2, 1, 1]
[2, 4, 1, 4, 4]
[3, 2, 0, 1, 2]


initial
[4, 4, 3, 0, 2]
[4, 1, 4, 1, 1]
[3, 2, 3, 4, 0]
[4, 1, 0, 3, 4]
[4, 3, 4, 2, 1]


initial
[1, 0, 1, 2, 3]
[3, 4, 1, 0, 1]
[4, 3, 1, 3, 1]
[0, 2, 0, 1, 4]
[4, 2, 0, 4, 0]


initial
[1, 3, 4, 1, 0]
[3, 1, 2, 0, 1]
[3, 1, 1, 1, 1]
[2, 1, 3, 4, 1]
[2, 3, 1, 2, 1]


initial
[0, 1, 0, 2, 1]
[4, 2, 3, 4, 1]
[3, 3, 0, 3, 3]
[3, 2, 2, 1, 3]
[2, 0, 3, 2, 0]


initial
[4, 0, 2, 4, 4]
[4, 3, 4, 3, 4]
[2, 1, 0, 2, 1]
[2, 0, 0, 2, 0]
[1, 2, 0, 2, 2]


initial
[2, 4, 0, 4, 2]
[1, 3, 4, 3, 2]
[0, 2, 1, 4, 1]
[4, 1, 0, 0, 0]
[3, 3, 3, 2, 4]


initial
[0, 3, 2, 2, 3]
[3, 0, 2, 0, 3]
[3, 3, 0, 3, 1]
[1, 4, 0, 3, 1]
[4, 1, 3, 2, 2]


initial
[2, 1, 1, 3, 1]
[0, 3, 3, 1, 0]
[3, 3, 1, 4, 0]
[3, 2, 0, 4, 4]
[0, 2, 4, 3, 0]


initial
[3, 2, 1, 0, 4]
[4, 4, 3, 4, 2]
[1, 3, 0, 0, 4]
[1, 3, 2, 1, 0]
[3, 3, 0, 4, 2]


initial
[2, 2, 1, 0, 0]
[3, 4, 1, 2, 1]
[1, 1, 4, 3, 0]
[3, 2, 4, 2, 0]
[1, 4, 3, 3, 4]


initial
[0, 2, 3, 0, 0]
[1, 1, 2, 1, 0]
[0, 1, 3, 0, 0]
[2, 4, 1, 3, 3]
[1, 4, 3, 1, 4]


initial
[4, 1, 0, 0, 0]
[4, 0, 1, 4, 2]
[2, 0, 2, 1, 2]
[2, 1, 3, 2, 4]
[1, 4, 0, 1, 0]


initial
[1, 4, 1, 3, 3]
[2, 2, 2, 0, 0]
[0, 4, 4, 4, 2]
[0, 1, 4, 0, 3]
[1, 1, 1, 0, 1]


initial
[3, 3, 3, 3, 4]
[1, 0, 0, 4, 2]
[2, 4, 3, 3, 2]
[1, 0, 0, 1, 0]
[4, 4, 1, 4, 4]


initial
[4, 2, 1, 3, 4]
[3, 3, 2, 3, 1]
[3, 0, 2, 1, 0]
[3, 2, 0, 4, 0]
[0, 4, 2, 4, 4]


initial
[2, 3, 1, 3, 3]
[2, 4, 3, 4, 4]
[4, 1, 3, 2, 2]
[1, 3, 1, 0, 1]
[1, 4, 3, 2, 2]


initial
[0, 0, 1, 0, 2]
[4, 4, 2, 1, 4]
[1, 3, 4, 1, 3]
[3, 3, 2, 3, 0]
[1, 0, 3, 2, 1]


initial
[3, 3, 2, 2, 3]
[0, 3, 1, 0, 4]
[2, 2, 4, 0, 1]
[1, 3, 3, 2, 1]
[3, 3, 4, 0, 1]


initial
[4, 4, 0, 3, 4]
[3, 2, 2, 4, 3]
[0, 1, 4, 0, 2]
[3, 1, 3, 0, 3]
[2, 1, 1, 3, 2]


initial
[3, 3, 4, 4, 2]
[2, 0, 3, 0, 2]
[0, 3, 3, 3, 2]
[4, 3, 0, 4, 4]
[1, 3, 3, 4, 2]


initial
[4, 2, 3, 1, 4]
[1, 4, 0, 4, 2]
[1, 2, 2, 4, 2]
[2, 0, 0, 4, 0]
[2, 4, 0, 4, 2]


parent1
[4, 2, 0, 2, 2]
[2, 2, 1, 4, 4]
[0, 4, 1, 2, 4]
[4, 2, 1, 4, 0]
[1, 2, 3, 2, 0]


parent2
[2, 0, 1, 4, 4]
[1, 4, 0, 0, 4]
[1, 3, 0, 0, 1]
[2, 2, 3, 2, 1]
[1, 0, 4, 3, 4]


after crossover
[4, 2, 0, 2, 2]
[2, 2, 1, 4, 4]
[0, 4, 1, 2, 4]
[2, 2, 3, 2, 1]
[1, 0, 4, 3, 4]


parent1
[3, 2, 1, 0, 4]
[4, 4, 3, 4, 2]
[1, 3, 0, 0, 4]
[1, 3, 2, 1, 0]
[3, 3, 0, 4, 2]


parent2
[0, 1, 3, 4, 0]
[2, 4, 3, 3, 0]
[0, 0, 0, 3, 4]
[4, 4, 4, 3, 3]
[3, 0, 0, 0, 2]


after crossover
[0, 1, 3, 4, 0]
[2, 4, 3, 3, 0]
[0, 0, 0, 3, 4]
[4, 4, 4, 3, 3]
[3, 3, 0, 4, 2]


parent1
[1, 0, 1, 2, 3]
[3, 4, 1, 0, 1]
[4, 3, 1, 3, 1]
[0, 2, 0, 1, 4]
[4, 2, 0, 4, 0]


parent2
[2, 3, 1, 1, 3]
[1, 0, 2, 3, 0]
[3, 0, 0, 1, 1]
[1, 4, 1, 4, 1]
[1, 3, 4, 0, 4]


after crossover
[2, 3, 1, 1, 3]
[3, 4, 1, 0, 1]
[4, 3, 1, 3, 1]
[0, 2, 0, 1, 4]
[4, 2, 0, 4, 0]


parent1
[2, 3, 0, 3, 1]
[0, 4, 4, 4, 1]
[4, 4, 2, 1, 4]
[4, 4, 1, 2, 3]
[4, 0, 3, 0, 0]


parent2
[0, 0, 3, 1, 3]
[0, 0, 3, 4, 0]
[1, 1, 2, 4, 3]
[2, 0, 2, 4, 3]
[3, 2, 4, 2, 1]


after crossover
[0, 0, 3, 1, 3]
[0, 4, 4, 4, 1]
[4, 4, 2, 1, 4]
[4, 4, 1, 2, 3]
[4, 0, 3, 0, 0]


parent1
[4, 3, 3, 0, 4]
[4, 0, 4, 3, 2]
[4, 2, 4, 2, 2]
[4, 1, 0, 3, 2]
[1, 2, 2, 0, 3]


parent2
[0, 1, 0, 2, 1]
[4, 2, 3, 4, 1]
[3, 3, 0, 3, 3]
[3, 2, 2, 1, 3]
[2, 0, 3, 2, 0]


after crossover
[4, 3, 3, 0, 4]
[4, 2, 3, 4, 1]
[3, 3, 0, 3, 3]
[3, 2, 2, 1, 3]
[2, 0, 3, 2, 0]


parent1
[3, 3, 4, 3, 4]
[2, 3, 4, 1, 4]
[3, 3, 2, 3, 0]
[0, 1, 3, 1, 3]
[4, 3, 1, 2, 1]


parent2
[4, 3, 2, 4, 3]
[2, 0, 1, 0, 0]
[4, 4, 0, 3, 4]
[4, 1, 4, 3, 1]
[2, 4, 0, 1, 4]


after crossover
[4, 3, 2, 4, 3]
[2, 0, 1, 0, 0]
[4, 4, 0, 3, 4]
[4, 1, 4, 3, 1]
[4, 3, 1, 2, 1]


after mutation
[4, 3, 2, 4, 3]
[2, 0, 1, 0, 1]
[4, 4, 0, 3, 4]
[4, 1, 4, 3, 1]
[4, 3, 1, 2, 1]


parent1
[2, 0, 4, 0, 1]
[3, 2, 4, 0, 2]
[4, 3, 0, 0, 2]
[1, 0, 0, 4, 2]
[1, 2, 1, 3, 3]


parent2
[1, 2, 1, 0, 1]
[2, 2, 4, 2, 3]
[1, 3, 3, 3, 3]
[3, 2, 0, 1, 4]
[0, 0, 1, 3, 1]


after crossover
[1, 2, 1, 0, 1]
[3, 2, 4, 0, 2]
[4, 3, 0, 0, 2]
[1, 0, 0, 4, 2]
[1, 2, 1, 3, 3]


parent1
[2, 3, 0, 3, 1]
[0, 4, 4, 4, 1]
[4, 4, 2, 1, 4]
[4, 4, 1, 2, 3]
[4, 0, 3, 0, 0]


parent2
[2, 0, 4, 0, 1]
[3, 2, 4, 0, 2]
[4, 3, 0, 0, 2]
[1, 0, 0, 4, 2]
[1, 2, 1, 3, 3]


after crossover
[2, 3, 0, 3, 1]
[3, 2, 4, 0, 2]
[4, 3, 0, 0, 2]
[1, 0, 0, 4, 2]
[1, 2, 1, 3, 3]


parent1
[1, 3, 0, 2, 4]
[3, 0, 1, 0, 2]
[3, 3, 1, 3, 3]
[3, 4, 4, 3, 4]
[4, 1, 1, 1, 0]


parent2
[1, 2, 2, 2, 3]
[0, 4, 2, 0, 1]
[0, 0, 0, 2, 3]
[3, 4, 3, 1, 0]
[0, 1, 0, 3, 4]


after crossover
[1, 2, 2, 2, 3]
[0, 4, 2, 0, 1]
[0, 0, 0, 2, 3]
[3, 4, 3, 1, 0]
[4, 1, 1, 1, 0]


after mutation
[1, 2, 2, 2, 3]
[0, 4, 2, 0, 1]
[0, 0, 0, 2, 3]
[3, 4, 3, 1, 0]
[4, 4, 1, 1, 0]


parent1
[3, 4, 3, 2, 1]
[0, 4, 0, 1, 3]
[1, 1, 2, 2, 2]
[1, 3, 0, 3, 0]
[0, 4, 3, 2, 4]


parent2
[2, 2, 1, 0, 0]
[3, 4, 1, 2, 1]
[1, 1, 4, 3, 0]
[3, 2, 4, 2, 0]
[1, 4, 3, 3, 4]


after crossover
[2, 2, 1, 0, 0]
[3, 4, 1, 2, 1]
[1, 1, 2, 2, 2]
[1, 3, 0, 3, 0]
[0, 4, 3, 2, 4]


parent1
[2, 1, 4, 3, 4]
[2, 1, 1, 4, 4]
[2, 0, 1, 0, 2]
[3, 4, 3, 4, 1]
[3, 0, 0, 2, 2]


parent2
[4, 4, 3, 0, 2]
[4, 1, 4, 1, 1]
[3, 2, 3, 4, 0]
[4, 1, 0, 3, 4]
[4, 3, 4, 2, 1]


after crossover
[4, 4, 3, 0, 2]
[4, 1, 4, 1, 1]
[3, 2, 3, 4, 0]
[3, 4, 3, 4, 1]
[3, 0, 0, 2, 2]


parent1
[3, 1, 3, 2, 2]
[4, 4, 4, 0, 2]
[2, 2, 2, 1, 1]
[2, 4, 1, 4, 4]
[3, 2, 0, 1, 2]


parent2
[3, 3, 3, 3, 4]
[1, 0, 0, 4, 2]
[2, 4, 3, 3, 2]
[1, 0, 0, 1, 0]
[4, 4, 1, 4, 4]


after crossover
[3, 3, 3, 3, 4]
[1, 0, 0, 4, 2]
[2, 4, 3, 3, 2]
[1, 0, 0, 1, 0]
[3, 2, 0, 1, 2]


parent1
[3, 2, 3, 1, 2]
[2, 1, 0, 4, 0]
[1, 1, 1, 1, 0]
[3, 3, 4, 0, 1]
[4, 1, 2, 3, 1]


parent2
[0, 1, 3, 4, 0]
[2, 4, 3, 3, 0]
[0, 0, 0, 3, 4]
[4, 4, 4, 3, 3]
[3, 0, 0, 0, 2]


after crossover
[0, 1, 3, 4, 0]
[2, 4, 3, 3, 0]
[0, 0, 0, 3, 4]
[4, 4, 4, 3, 3]
[4, 1, 2, 3, 1]


parent1
[0, 1, 3, 1, 4]
[4, 3, 2, 0, 1]
[4, 1, 0, 4, 1]
[1, 2, 0, 3, 4]
[0, 0, 4, 1, 1]


parent2
[0, 0, 0, 0, 3]
[2, 4, 0, 4, 2]
[3, 2, 1, 2, 1]
[3, 4, 3, 0, 1]
[2, 2, 3, 2, 1]


after crossover
[0, 0, 0, 0, 3]
[2, 4, 0, 4, 2]
[3, 2, 1, 2, 1]
[3, 4, 3, 0, 1]
[0, 0, 4, 1, 1]


parent1
[4, 2, 3, 4, 3]
[3, 4, 2, 3, 3]
[1, 0, 0, 0, 2]
[0, 3, 1, 1, 4]
[4, 1, 1, 2, 2]


parent2
[3, 1, 3, 2, 2]
[4, 4, 4, 0, 2]
[2, 2, 2, 1, 1]
[2, 4, 1, 4, 4]
[3, 2, 0, 1, 2]


after crossover
[3, 1, 3, 2, 2]
[4, 4, 4, 0, 2]
[1, 0, 0, 0, 2]
[0, 3, 1, 1, 4]
[4, 1, 1, 2, 2]


parent1
[1, 3, 0, 2, 4]
[3, 0, 1, 0, 2]
[3, 3, 1, 3, 3]
[3, 4, 4, 3, 4]
[4, 1, 1, 1, 0]


parent2
[1, 2, 3, 3, 2]
[3, 4, 1, 3, 1]
[3, 0, 2, 1, 1]
[2, 1, 0, 0, 4]
[4, 3, 3, 1, 3]


after crossover
[1, 2, 3, 3, 2]
[3, 0, 1, 0, 2]
[3, 3, 1, 3, 3]
[3, 4, 4, 3, 4]
[4, 1, 1, 1, 0]


parent1
[1, 3, 4, 1, 0]
[3, 1, 2, 0, 1]
[3, 1, 1, 1, 1]
[2, 1, 3, 4, 1]
[2, 3, 1, 2, 1]


parent2
[0, 0, 1, 2, 3]
[4, 1, 4, 4, 4]
[1, 3, 1, 0, 2]
[0, 2, 2, 2, 4]
[1, 4, 4, 0, 3]


after crossover
[0, 0, 1, 2, 3]
[3, 1, 2, 0, 1]
[3, 1, 1, 1, 1]
[2, 1, 3, 4, 1]
[2, 3, 1, 2, 1]


after mutation
[0, 0, 1, 2, 3]
[3, 1, 2, 0, 1]
[3, 1, 1, 1, 1]
[2, 1, 3, 4, 4]
[2, 3, 1, 2, 1]


parent1
[4, 4, 0, 3, 4]
[3, 2, 2, 4, 3]
[0, 1, 4, 0, 2]
[3, 1, 3, 0, 3]
[2, 1, 1, 3, 2]


parent2
[1, 0, 1, 2, 3]
[3, 4, 1, 0, 1]
[4, 3, 1, 3, 1]
[0, 2, 0, 1, 4]
[4, 2, 0, 4, 0]


after crossover
[1, 0, 1, 2, 3]
[3, 2, 2, 4, 3]
[0, 1, 4, 0, 2]
[3, 1, 3, 0, 3]
[2, 1, 1, 3, 2]


parent1
[2, 0, 4, 0, 1]
[3, 2, 4, 0, 2]
[4, 3, 0, 0, 2]
[1, 0, 0, 4, 2]
[1, 2, 1, 3, 3]


parent2
[0, 0, 0, 0, 3]
[2, 4, 0, 4, 2]
[3, 2, 1, 2, 1]
[3, 4, 3, 0, 1]
[2, 2, 3, 2, 1]


after crossover
[0, 0, 0, 0, 3]
[2, 4, 0, 4, 2]
[3, 2, 1, 2, 1]
[1, 0, 0, 4, 2]
[1, 2, 1, 3, 3]


parent1
[0, 3, 2, 2, 1]
[0, 3, 2, 1, 0]
[1, 1, 0, 4, 1]
[4, 2, 0, 1, 4]
[2, 3, 3, 2, 1]


parent2
[0, 1, 3, 4, 0]
[2, 4, 3, 3, 0]
[0, 0, 0, 3, 4]
[4, 4, 4, 3, 3]
[3, 0, 0, 0, 2]


after crossover
[0, 1, 3, 4, 0]
[0, 3, 2, 1, 0]
[1, 1, 0, 4, 1]
[4, 2, 0, 1, 4]
[2, 3, 3, 2, 1]


after mutation
[0, 1, 3, 4, 0]
[0, 3, 2, 2, 0]
[1, 1, 0, 4, 1]
[4, 2, 0, 1, 4]
[2, 3, 3, 2, 1]


parent1
[0, 1, 3, 4, 0]
[2, 4, 3, 3, 0]
[0, 0, 0, 3, 4]
[4, 4, 4, 3, 3]
[3, 0, 0, 0, 2]


parent2
[4, 2, 1, 3, 4]
[3, 3, 2, 3, 1]
[3, 0, 2, 1, 0]
[3, 2, 0, 4, 0]
[0, 4, 2, 4, 4]


after crossover
[0, 1, 3, 4, 0]
[2, 4, 3, 3, 0]
[0, 0, 0, 3, 4]
[4, 4, 4, 3, 3]
[0, 4, 2, 4, 4]


parent1
[3, 1, 1, 0, 1]
[4, 1, 3, 0, 3]
[1, 0, 3, 3, 2]
[0, 3, 4, 1, 1]
[2, 1, 4, 0, 2]


parent2
[3, 2, 1, 0, 4]
[4, 4, 3, 4, 2]
[1, 3, 0, 0, 4]
[1, 3, 2, 1, 0]
[3, 3, 0, 4, 2]


after crossover
[3, 2, 1, 0, 4]
[4, 4, 3, 4, 2]
[1, 3, 0, 0, 4]
[0, 3, 4, 1, 1]
[2, 1, 4, 0, 2]


parent1
[3, 2, 3, 1, 2]
[2, 1, 0, 4, 0]
[1, 1, 1, 1, 0]
[3, 3, 4, 0, 1]
[4, 1, 2, 3, 1]


parent2
[4, 4, 3, 0, 2]
[4, 1, 4, 1, 1]
[3, 2, 3, 4, 0]
[4, 1, 0, 3, 4]
[4, 3, 4, 2, 1]


after crossover
[4, 4, 3, 0, 2]
[4, 1, 4, 1, 1]
[3, 2, 3, 4, 0]
[3, 3, 4, 0, 1]
[4, 1, 2, 3, 1]


parent1
[2, 3, 3, 3, 1]
[4, 4, 1, 1, 3]
[1, 1, 4, 3, 4]
[1, 0, 4, 3, 1]
[1, 0, 0, 2, 3]


parent2
[0, 1, 3, 1, 4]
[4, 3, 2, 0, 1]
[4, 1, 0, 4, 1]
[1, 2, 0, 3, 4]
[0, 0, 4, 1, 1]


after crossover
[0, 1, 3, 1, 4]
[4, 3, 2, 0, 1]
[4, 1, 0, 4, 1]
[1, 2, 0, 3, 4]
[1, 0, 0, 2, 3]


parent1
[1, 4, 1, 3, 3]
[2, 2, 2, 0, 0]
[0, 4, 4, 4, 2]
[0, 1, 4, 0, 3]
[1, 1, 1, 0, 1]


parent2
[0, 1, 3, 4, 0]
[2, 4, 3, 3, 0]
[0, 0, 0, 3, 4]
[4, 4, 4, 3, 3]
[3, 0, 0, 0, 2]


after crossover
[0, 1, 3, 4, 0]
[2, 4, 3, 3, 0]
[0, 4, 4, 4, 2]
[0, 1, 4, 0, 3]
[1, 1, 1, 0, 1]


parent1
[4, 4, 1, 0, 4]
[2, 0, 0, 3, 4]
[2, 3, 0, 4, 3]
[1, 1, 3, 2, 1]
[3, 1, 4, 1, 0]


parent2
[2, 4, 3, 2, 0]
[1, 2, 0, 1, 4]
[4, 4, 2, 4, 3]
[0, 4, 1, 1, 4]
[0, 2, 4, 0, 4]


after crossover
[2, 4, 3, 2, 0]
[1, 2, 0, 1, 4]
[4, 4, 2, 4, 3]
[1, 1, 3, 2, 1]
[3, 1, 4, 1, 0]


parent1
[1, 4, 1, 3, 3]
[2, 2, 2, 0, 0]
[0, 4, 4, 4, 2]
[0, 1, 4, 0, 3]
[1, 1, 1, 0, 1]


parent2
[0, 3, 2, 2, 3]
[3, 0, 2, 0, 3]
[3, 3, 0, 3, 1]
[1, 4, 0, 3, 1]
[4, 1, 3, 2, 2]


after crossover
[1, 4, 1, 3, 3]
[2, 2, 2, 0, 0]
[0, 4, 4, 4, 2]
[1, 4, 0, 3, 1]
[4, 1, 3, 2, 2]


after mutation
[1, 4, 1, 3, 3]
[2, 2, 2, 0, 0]
[0, 4, 4, 4, 2]
[1, 4, 0, 1, 1]
[4, 1, 3, 2, 2]


parent1
[1, 1, 4, 1, 0]
[0, 3, 3, 0, 1]
[1, 0, 2, 0, 2]
[4, 2, 4, 4, 3]
[4, 2, 2, 3, 0]


parent2
[0, 0, 0, 0, 3]
[2, 4, 0, 4, 2]
[3, 2, 1, 2, 1]
[3, 4, 3, 0, 1]
[2, 2, 3, 2, 1]


after crossover
[0, 0, 0, 0, 3]
[2, 4, 0, 4, 2]
[3, 2, 1, 2, 1]
[3, 4, 3, 0, 1]
[4, 2, 2, 3, 0]


parent1
[3, 1, 3, 2, 2]
[4, 4, 4, 0, 2]
[2, 2, 2, 1, 1]
[2, 4, 1, 4, 4]
[3, 2, 0, 1, 2]


parent2
[4, 0, 3, 2, 1]
[1, 1, 1, 3, 2]
[2, 1, 0, 4, 2]
[3, 0, 4, 1, 0]
[3, 3, 1, 4, 4]


after crossover
[4, 0, 3, 2, 1]
[4, 4, 4, 0, 2]
[2, 2, 2, 1, 1]
[2, 4, 1, 4, 4]
[3, 2, 0, 1, 2]


parent1
[2, 1, 4, 3, 4]
[2, 1, 1, 4, 4]
[2, 0, 1, 0, 2]
[3, 4, 3, 4, 1]
[3, 0, 0, 2, 2]


parent2
[2, 3, 0, 3, 1]
[0, 4, 4, 4, 1]
[4, 4, 2, 1, 4]
[4, 4, 1, 2, 3]
[4, 0, 3, 0, 0]


after crossover
[2, 3, 0, 3, 1]
[0, 4, 4, 4, 1]
[4, 4, 2, 1, 4]
[4, 4, 1, 2, 3]
[3, 0, 0, 2, 2]


parent1
[3, 3, 3, 3, 4]
[1, 0, 0, 4, 2]
[2, 4, 3, 3, 2]
[1, 0, 0, 1, 0]
[4, 4, 1, 4, 4]


parent2
[4, 0, 3, 2, 1]
[1, 1, 1, 3, 2]
[2, 1, 0, 4, 2]
[3, 0, 4, 1, 0]
[3, 3, 1, 4, 4]


after crossover
[4, 0, 3, 2, 1]
[1, 1, 1, 3, 2]
[2, 1, 0, 4, 2]
[3, 0, 4, 1, 0]
[4, 4, 1, 4, 4]


parent1
[4, 2, 3, 0, 0]
[4, 2, 3, 4, 4]
[2, 4, 0, 1, 0]
[4, 1, 4, 2, 2]
[1, 2, 2, 2, 2]


parent2
[2, 3, 3, 3, 1]
[4, 4, 1, 1, 3]
[1, 1, 4, 3, 4]
[1, 0, 4, 3, 1]
[1, 0, 0, 2, 3]


after crossover
[2, 3, 3, 3, 1]
[4, 4, 1, 1, 3]
[2, 4, 0, 1, 0]
[4, 1, 4, 2, 2]
[1, 2, 2, 2, 2]


parent1
[3, 2, 3, 2, 0]
[1, 0, 2, 2, 0]
[2, 0, 2, 4, 3]
[0, 1, 2, 1, 4]
[3, 4, 4, 3, 2]


parent2
[2, 3, 3, 3, 1]
[4, 4, 1, 1, 3]
[1, 1, 4, 3, 4]
[1, 0, 4, 3, 1]
[1, 0, 0, 2, 3]


after crossover
[2, 3, 3, 3, 1]
[1, 0, 2, 2, 0]
[2, 0, 2, 4, 3]
[0, 1, 2, 1, 4]
[3, 4, 4, 3, 2]


parent1
[0, 0, 0, 0, 3]
[2, 4, 0, 4, 2]
[3, 2, 1, 2, 1]
[3, 4, 3, 0, 1]
[2, 2, 3, 2, 1]


parent2
[3, 3, 2, 3, 2]
[2, 0, 3, 4, 1]
[4, 2, 0, 2, 3]
[4, 2, 4, 3, 2]
[1, 2, 3, 0, 4]


after crossover
[3, 3, 2, 3, 2]
[2, 4, 0, 4, 2]
[3, 2, 1, 2, 1]
[3, 4, 3, 0, 1]
[2, 2, 3, 2, 1]


parent1
[3, 0, 1, 2, 4]
[3, 3, 4, 3, 1]
[0, 1, 3, 0, 1]
[2, 2, 1, 4, 1]
[1, 0, 3, 4, 3]


parent2
[1, 4, 1, 3, 3]
[2, 2, 2, 0, 0]
[0, 4, 4, 4, 2]
[0, 1, 4, 0, 3]
[1, 1, 1, 0, 1]


after crossover
[1, 4, 1, 3, 3]
[2, 2, 2, 0, 0]
[0, 1, 3, 0, 1]
[2, 2, 1, 4, 1]
[1, 0, 3, 4, 3]


after mutation
[1, 4, 1, 3, 3]
[0, 2, 2, 0, 0]
[0, 1, 3, 0, 1]
[2, 2, 1, 4, 1]
[1, 0, 3, 4, 3]


parent1
[0, 3, 4, 0, 2]
[1, 3, 1, 1, 2]
[0, 4, 4, 2, 4]
[3, 2, 3, 3, 4]
[3, 3, 0, 4, 4]


parent2
[3, 1, 2, 3, 1]
[1, 0, 1, 2, 4]
[0, 3, 1, 1, 0]
[3, 3, 3, 3, 2]
[2, 2, 4, 2, 3]


after crossover
[3, 1, 2, 3, 1]
[1, 3, 1, 1, 2]
[0, 4, 4, 2, 4]
[3, 2, 3, 3, 4]
[3, 3, 0, 4, 4]


parent1
[1, 0, 3, 3, 1]
[4, 3, 1, 0, 3]
[2, 0, 4, 0, 3]
[2, 2, 3, 4, 2]
[3, 4, 4, 0, 2]


parent2
[2, 4, 0, 4, 2]
[1, 3, 4, 3, 2]
[0, 2, 1, 4, 1]
[4, 1, 0, 0, 0]
[3, 3, 3, 2, 4]


after crossover
[2, 4, 0, 4, 2]
[1, 3, 4, 3, 2]
[2, 0, 4, 0, 3]
[2, 2, 3, 4, 2]
[3, 4, 4, 0, 2]


parent1
[1, 3, 4, 1, 3]
[0, 4, 4, 3, 0]
[2, 1, 1, 4, 4]
[1, 1, 2, 1, 0]
[4, 4, 1, 1, 1]


parent2
[1, 3, 0, 2, 4]
[3, 0, 1, 0, 2]
[3, 3, 1, 3, 3]
[3, 4, 4, 3, 4]
[4, 1, 1, 1, 0]


after crossover
[1, 3, 0, 2, 4]
[0, 4, 4, 3, 0]
[2, 1, 1, 4, 4]
[1, 1, 2, 1, 0]
[4, 4, 1, 1, 1]


parent1
[1, 1, 2, 1, 3]
[2, 0, 1, 2, 4]
[4, 4, 0, 2, 0]
[2, 4, 2, 0, 2]
[0, 3, 1, 4, 1]


parent2
[1, 3, 3, 2, 4]
[4, 4, 4, 2, 1]
[0, 1, 3, 4, 2]
[1, 0, 3, 3, 4]
[2, 3, 3, 0, 3]


after crossover
[1, 3, 3, 2, 4]
[4, 4, 4, 2, 1]
[4, 4, 0, 2, 0]
[2, 4, 2, 0, 2]
[0, 3, 1, 4, 1]


parent1
[4, 2, 3, 0, 0]
[4, 2, 3, 4, 4]
[2, 4, 0, 1, 0]
[4, 1, 4, 2, 2]
[1, 2, 2, 2, 2]


parent2
[3, 3, 4, 3, 4]
[2, 3, 4, 1, 4]
[3, 3, 2, 3, 0]
[0, 1, 3, 1, 3]
[4, 3, 1, 2, 1]


after crossover
[3, 3, 4, 3, 4]
[2, 3, 4, 1, 4]
[3, 3, 2, 3, 0]
[4, 1, 4, 2, 2]
[1, 2, 2, 2, 2]


parent1
[2, 2, 1, 0, 0]
[3, 4, 1, 2, 1]
[1, 1, 4, 3, 0]
[3, 2, 4, 2, 0]
[1, 4, 3, 3, 4]


parent2
[3, 3, 2, 3, 4]
[4, 4, 2, 4, 2]
[1, 1, 0, 0, 4]
[0, 0, 2, 2, 1]
[1, 3, 4, 4, 1]


after crossover
[3, 3, 2, 3, 4]
[4, 4, 2, 4, 2]
[1, 1, 0, 0, 4]
[0, 0, 2, 2, 1]
[1, 4, 3, 3, 4]


after mutation
[3, 3, 2, 3, 4]
[4, 3, 2, 4, 2]
[1, 1, 0, 0, 4]
[0, 0, 2, 2, 1]
[1, 4, 3, 3, 4]


parent1
[1, 1, 2, 1, 3]
[2, 0, 1, 2, 4]
[4, 4, 0, 2, 0]
[2, 4, 2, 0, 2]
[0, 3, 1, 4, 1]


parent2
[3, 4, 2, 3, 3]
[1, 3, 4, 1, 2]
[4, 2, 2, 4, 4]
[3, 4, 1, 1, 2]
[0, 4, 4, 4, 1]


after crossover
[3, 4, 2, 3, 3]
[1, 3, 4, 1, 2]
[4, 4, 0, 2, 0]
[2, 4, 2, 0, 2]
[0, 3, 1, 4, 1]


parent1
[3, 2, 3, 2, 0]
[1, 0, 2, 2, 0]
[2, 0, 2, 4, 3]
[0, 1, 2, 1, 4]
[3, 4, 4, 3, 2]


parent2
[4, 4, 3, 0, 2]
[4, 1, 4, 1, 1]
[3, 2, 3, 4, 0]
[4, 1, 0, 3, 4]
[4, 3, 4, 2, 1]


after crossover
[3, 2, 3, 2, 0]
[4, 1, 4, 1, 1]
[3, 2, 3, 4, 0]
[4, 1, 0, 3, 4]
[4, 3, 4, 2, 1]


parent1
[0, 0, 1, 2, 3]
[4, 1, 4, 4, 4]
[1, 3, 1, 0, 2]
[0, 2, 2, 2, 4]
[1, 4, 4, 0, 3]


parent2
[3, 2, 1, 0, 4]
[4, 4, 3, 4, 2]
[1, 3, 0, 0, 4]
[1, 3, 2, 1, 0]
[3, 3, 0, 4, 2]


after crossover
[3, 2, 1, 0, 4]
[4, 1, 4, 4, 4]
[1, 3, 1, 0, 2]
[0, 2, 2, 2, 4]
[1, 4, 4, 0, 3]


parent1
[2, 3, 1, 3, 3]
[2, 4, 3, 4, 4]
[4, 1, 3, 2, 2]
[1, 3, 1, 0, 1]
[1, 4, 3, 2, 2]


parent2
[2, 4, 0, 4, 2]
[1, 3, 4, 3, 2]
[0, 2, 1, 4, 1]
[4, 1, 0, 0, 0]
[3, 3, 3, 2, 4]


after crossover
[2, 4, 0, 4, 2]
[1, 3, 4, 3, 2]
[0, 2, 1, 4, 1]
[4, 1, 0, 0, 0]
[1, 4, 3, 2, 2]


after mutation
[2, 4, 0, 0, 2]
[1, 3, 4, 3, 2]
[0, 2, 1, 4, 1]
[4, 1, 0, 0, 0]
[1, 4, 3, 2, 2]


parent1
[3, 1, 2, 3, 1]
[1, 0, 1, 2, 4]
[0, 3, 1, 1, 0]
[3, 3, 3, 3, 2]
[2, 2, 4, 2, 3]


parent2
[3, 1, 3, 2, 2]
[4, 4, 4, 0, 2]
[2, 2, 2, 1, 1]
[2, 4, 1, 4, 4]
[3, 2, 0, 1, 2]


after crossover
[3, 1, 3, 2, 2]
[4, 4, 4, 0, 2]
[2, 2, 2, 1, 1]
[2, 4, 1, 4, 4]
[2, 2, 4, 2, 3]


parent1
[0, 0, 3, 1, 3]
[0, 0, 3, 4, 0]
[1, 1, 2, 4, 3]
[2, 0, 2, 4, 3]
[3, 2, 4, 2, 1]


parent2
[0, 0, 1, 2, 3]
[4, 1, 4, 4, 4]
[1, 3, 1, 0, 2]
[0, 2, 2, 2, 4]
[1, 4, 4, 0, 3]


after crossover
[0, 0, 1, 2, 3]
[4, 1, 4, 4, 4]
[1, 1, 2, 4, 3]
[2, 0, 2, 4, 3]
[3, 2, 4, 2, 1]


parent1
[2, 1, 1, 3, 1]
[0, 3, 3, 1, 0]
[3, 3, 1, 4, 0]
[3, 2, 0, 4, 4]
[0, 2, 4, 3, 0]


parent2
[2, 0, 1, 4, 4]
[1, 4, 0, 0, 4]
[1, 3, 0, 0, 1]
[2, 2, 3, 2, 1]
[1, 0, 4, 3, 4]


after crossover
[2, 0, 1, 4, 4]
[1, 4, 0, 0, 4]
[1, 3, 0, 0, 1]
[3, 2, 0, 4, 4]
[0, 2, 4, 3, 0]


after mutation
[2, 0, 1, 4, 4]
[1, 4, 0, 0, 4]
[4, 3, 0, 0, 1]
[3, 2, 0, 4, 4]
[0, 2, 4, 3, 0]


parent1
[4, 2, 3, 0, 1]
[1, 1, 2, 1, 3]
[4, 0, 0, 3, 0]
[2, 4, 3, 1, 3]
[4, 1, 4, 3, 4]


parent2
[1, 3, 4, 0, 0]
[0, 4, 2, 2, 3]
[4, 1, 2, 4, 4]
[4, 3, 2, 0, 1]
[3, 0, 3, 2, 4]


after crossover
[1, 3, 4, 0, 0]
[1, 1, 2, 1, 3]
[4, 0, 0, 3, 0]
[2, 4, 3, 1, 3]
[4, 1, 4, 3, 4]


parent1
[3, 3, 3, 3, 4]
[1, 0, 0, 4, 2]
[2, 4, 3, 3, 2]
[1, 0, 0, 1, 0]
[4, 4, 1, 4, 4]


parent2
[0, 1, 3, 1, 4]
[4, 3, 2, 0, 1]
[4, 1, 0, 4, 1]
[1, 2, 0, 3, 4]
[0, 0, 4, 1, 1]


after crossover
[0, 1, 3, 1, 4]
[1, 0, 0, 4, 2]
[2, 4, 3, 3, 2]
[1, 0, 0, 1, 0]
[4, 4, 1, 4, 4]


after mutation
[0, 1, 3, 1, 4]
[1, 0, 0, 4, 2]
[2, 4, 3, 3, 2]
[1, 0, 0, 0, 0]
[4, 4, 1, 4, 4]


parent1
[0, 1, 3, 4, 0]
[2, 4, 3, 3, 0]
[0, 0, 0, 3, 4]
[4, 4, 4, 3, 3]
[3, 0, 0, 0, 2]


parent2
[2, 2, 0, 0, 3]
[2, 1, 0, 1, 1]
[0, 4, 4, 2, 1]
[3, 2, 0, 3, 1]
[0, 1, 3, 0, 1]


after crossover
[2, 2, 0, 0, 3]
[2, 1, 0, 1, 1]
[0, 4, 4, 2, 1]
[4, 4, 4, 3, 3]
[3, 0, 0, 0, 2]


parent1
[3, 2, 3, 1, 2]
[2, 1, 0, 4, 0]
[1, 1, 1, 1, 0]
[3, 3, 4, 0, 1]
[4, 1, 2, 3, 1]


parent2
[0, 0, 1, 2, 3]
[4, 1, 4, 4, 4]
[1, 3, 1, 0, 2]
[0, 2, 2, 2, 4]
[1, 4, 4, 0, 3]


after crossover
[0, 0, 1, 2, 3]
[4, 1, 4, 4, 4]
[1, 3, 1, 0, 2]
[3, 3, 4, 0, 1]
[4, 1, 2, 3, 1]


after mutation
[0, 0, 1, 2, 3]
[4, 1, 4, 4, 4]
[1, 3, 1, 0, 2]
[3, 3, 1, 0, 1]
[4, 1, 2, 3, 1]


parent1
[3, 4, 3, 2, 1]
[0, 4, 0, 1, 3]
[1, 1, 2, 2, 2]
[1, 3, 0, 3, 0]
[0, 4, 3, 2, 4]


parent2
[3, 3, 2, 3, 2]
[2, 0, 3, 4, 1]
[4, 2, 0, 2, 3]
[4, 2, 4, 3, 2]
[1, 2, 3, 0, 4]


after crossover
[3, 3, 2, 3, 2]
[2, 0, 3, 4, 1]
[1, 1, 2, 2, 2]
[1, 3, 0, 3, 0]
[0, 4, 3, 2, 4]


after mutation
[3, 3, 2, 3, 2]
[2, 0, 3, 4, 1]
[1, 1, 2, 2, 2]
[1, 3, 0, 3, 2]
[0, 4, 3, 2, 4]


parent1
[4, 4, 3, 0, 2]
[4, 1, 4, 1, 1]
[3, 2, 3, 4, 0]
[4, 1, 0, 3, 4]
[4, 3, 4, 2, 1]


parent2
[3, 1, 2, 3, 1]
[1, 0, 1, 2, 4]
[0, 3, 1, 1, 0]
[3, 3, 3, 3, 2]
[2, 2, 4, 2, 3]


after crossover
[3, 1, 2, 3, 1]
[1, 0, 1, 2, 4]
[0, 3, 1, 1, 0]
[3, 3, 3, 3, 2]
[4, 3, 4, 2, 1]


parent1
[3, 3, 3, 3, 4]
[1, 0, 0, 4, 2]
[2, 4, 3, 3, 2]
[1, 0, 0, 1, 0]
[4, 4, 1, 4, 4]


parent2
[1, 0, 3, 3, 1]
[4, 3, 1, 0, 3]
[2, 0, 4, 0, 3]
[2, 2, 3, 4, 2]
[3, 4, 4, 0, 2]


after crossover
[1, 0, 3, 3, 1]
[4, 3, 1, 0, 3]
[2, 4, 3, 3, 2]
[1, 0, 0, 1, 0]
[4, 4, 1, 4, 4]


parent1
[0, 0, 1, 2, 3]
[4, 1, 4, 4, 4]
[1, 3, 1, 0, 2]
[0, 2, 2, 2, 4]
[1, 4, 4, 0, 3]


parent2
[3, 4, 4, 3, 3]
[4, 1, 0, 3, 4]
[0, 0, 0, 0, 4]
[4, 2, 0, 2, 4]
[3, 1, 2, 1, 2]


after crossover
[3, 4, 4, 3, 3]
[4, 1, 0, 3, 4]
[0, 0, 0, 0, 4]
[0, 2, 2, 2, 4]
[1, 4, 4, 0, 3]


parent1
[4, 4, 2, 1, 3]
[2, 3, 1, 1, 4]
[3, 2, 1, 1, 3]
[0, 3, 4, 2, 4]
[3, 2, 1, 3, 2]


parent2
[1, 0, 3, 3, 1]
[4, 3, 1, 0, 3]
[2, 0, 4, 0, 3]
[2, 2, 3, 4, 2]
[3, 4, 4, 0, 2]


after crossover
[1, 0, 3, 3, 1]
[4, 3, 1, 0, 3]
[2, 0, 4, 0, 3]
[0, 3, 4, 2, 4]
[3, 2, 1, 3, 2]


parent1
[4, 4, 3, 0, 2]
[4, 1, 4, 1, 1]
[3, 2, 3, 4, 0]
[4, 1, 0, 3, 4]
[4, 3, 4, 2, 1]


parent2
[3, 2, 3, 1, 2]
[2, 1, 0, 4, 0]
[1, 1, 1, 1, 0]
[3, 3, 4, 0, 1]
[4, 1, 2, 3, 1]


after crossover
[3, 2, 3, 1, 2]
[2, 1, 0, 4, 0]
[1, 1, 1, 1, 0]
[4, 1, 0, 3, 4]
[4, 3, 4, 2, 1]


parent1
[1, 1, 2, 1, 3]
[2, 0, 1, 2, 4]
[4, 4, 0, 2, 0]
[2, 4, 2, 0, 2]
[0, 3, 1, 4, 1]


parent2
[0, 0, 1, 2, 3]
[4, 1, 4, 4, 4]
[1, 3, 1, 0, 2]
[0, 2, 2, 2, 4]
[1, 4, 4, 0, 3]


after crossover
[0, 0, 1, 2, 3]
[4, 1, 4, 4, 4]
[1, 3, 1, 0, 2]
[0, 2, 2, 2, 4]
[0, 3, 1, 4, 1]


parent1
[3, 2, 3, 2, 0]
[1, 0, 2, 2, 0]
[2, 0, 2, 4, 3]
[0, 1, 2, 1, 4]
[3, 4, 4, 3, 2]


parent2
[2, 4, 3, 2, 0]
[1, 2, 0, 1, 4]
[4, 4, 2, 4, 3]
[0, 4, 1, 1, 4]
[0, 2, 4, 0, 4]


after crossover
[2, 4, 3, 2, 0]
[1, 2, 0, 1, 4]
[4, 4, 2, 4, 3]
[0, 1, 2, 1, 4]
[3, 4, 4, 3, 2]


parent1
[4, 0, 2, 4, 4]
[4, 3, 4, 3, 4]
[2, 1, 0, 2, 1]
[2, 0, 0, 2, 0]
[1, 2, 0, 2, 2]


parent2
[4, 4, 0, 3, 4]
[3, 2, 2, 4, 3]
[0, 1, 4, 0, 2]
[3, 1, 3, 0, 3]
[2, 1, 1, 3, 2]


after crossover
[4, 4, 0, 3, 4]
[3, 2, 2, 4, 3]
[0, 1, 4, 0, 2]
[3, 1, 3, 0, 3]
[1, 2, 0, 2, 2]


parent1
[3, 4, 3, 2, 1]
[0, 4, 0, 1, 3]
[1, 1, 2, 2, 2]
[1, 3, 0, 3, 0]
[0, 4, 3, 2, 4]


parent2
[3, 3, 2, 3, 4]
[4, 4, 2, 4, 2]
[1, 1, 0, 0, 4]
[0, 0, 2, 2, 1]
[1, 3, 4, 4, 1]


after crossover
[3, 3, 2, 3, 4]
[0, 4, 0, 1, 3]
[1, 1, 2, 2, 2]
[1, 3, 0, 3, 0]
[0, 4, 3, 2, 4]


parent1
[0, 0, 0, 0, 3]
[2, 4, 0, 4, 2]
[3, 2, 1, 2, 1]
[3, 4, 3, 0, 1]
[2, 2, 3, 2, 1]


parent2
[3, 3, 2, 3, 4]
[4, 4, 2, 4, 2]
[1, 1, 0, 0, 4]
[0, 0, 2, 2, 1]
[1, 3, 4, 4, 1]


after crossover
[3, 3, 2, 3, 4]
[4, 4, 2, 4, 2]
[1, 1, 0, 0, 4]
[0, 0, 2, 2, 1]
[2, 2, 3, 2, 1]


after mutation
[3, 3, 2, 3, 4]
[4, 4, 2, 4, 2]
[0, 1, 0, 0, 4]
[0, 0, 2, 2, 1]
[2, 2, 3, 2, 1]


parent1
[0, 0, 1, 2, 3]
[4, 1, 4, 4, 4]
[1, 3, 1, 0, 2]
[0, 2, 2, 2, 4]
[1, 4, 4, 0, 3]


parent2
[0, 0, 1, 0, 2]
[4, 4, 2, 1, 4]
[1, 3, 4, 1, 3]
[3, 3, 2, 3, 0]
[1, 0, 3, 2, 1]


after crossover
[0, 0, 1, 0, 2]
[4, 4, 2, 1, 4]
[1, 3, 4, 1, 3]
[0, 2, 2, 2, 4]
[1, 4, 4, 0, 3]


parent1
[2, 2, 1, 0, 0]
[3, 4, 1, 2, 1]
[1, 1, 4, 3, 0]
[3, 2, 4, 2, 0]
[1, 4, 3, 3, 4]


parent2
[3, 3, 2, 3, 4]
[4, 4, 2, 4, 2]
[1, 1, 0, 0, 4]
[0, 0, 2, 2, 1]
[1, 3, 4, 4, 1]


after crossover
[3, 3, 2, 3, 4]
[4, 4, 2, 4, 2]
[1, 1, 0, 0, 4]
[3, 2, 4, 2, 0]
[1, 4, 3, 3, 4]


parent1
[4, 2, 3, 0, 1]
[1, 1, 2, 1, 3]
[4, 0, 0, 3, 0]
[2, 4, 3, 1, 3]
[4, 1, 4, 3, 4]


parent2
[3, 3, 2, 3, 2]
[2, 0, 3, 4, 1]
[4, 2, 0, 2, 3]
[4, 2, 4, 3, 2]
[1, 2, 3, 0, 4]


after crossover
[3, 3, 2, 3, 2]
[2, 0, 3, 4, 1]
[4, 0, 0, 3, 0]
[2, 4, 3, 1, 3]
[4, 1, 4, 3, 4]


parent1
[1, 1, 4, 1, 0]
[0, 3, 3, 0, 1]
[1, 0, 2, 0, 2]
[4, 2, 4, 4, 3]
[4, 2, 2, 3, 0]


parent2
[0, 3, 2, 2, 3]
[3, 0, 2, 0, 3]
[3, 3, 0, 3, 1]
[1, 4, 0, 3, 1]
[4, 1, 3, 2, 2]


after crossover
[0, 3, 2, 2, 3]
[3, 0, 2, 0, 3]
[3, 3, 0, 3, 1]
[1, 4, 0, 3, 1]
[4, 2, 2, 3, 0]


parent1
[2, 0, 1, 4, 4]
[1, 4, 0, 0, 4]
[1, 3, 0, 0, 1]
[2, 2, 3, 2, 1]
[1, 0, 4, 3, 4]


parent2
[0, 0, 1, 0, 2]
[4, 4, 2, 1, 4]
[1, 3, 4, 1, 3]
[3, 3, 2, 3, 0]
[1, 0, 3, 2, 1]


after crossover
[0, 0, 1, 0, 2]
[4, 4, 2, 1, 4]
[1, 3, 4, 1, 3]
[3, 3, 2, 3, 0]
[1, 0, 4, 3, 4]


parent1
[0, 1, 0, 2, 1]
[4, 2, 3, 4, 1]
[3, 3, 0, 3, 3]
[3, 2, 2, 1, 3]
[2, 0, 3, 2, 0]


parent2
[1, 0, 1, 2, 3]
[3, 4, 1, 0, 1]
[4, 3, 1, 3, 1]
[0, 2, 0, 1, 4]
[4, 2, 0, 4, 0]


after crossover
[0, 1, 0, 2, 1]
[4, 2, 3, 4, 1]
[3, 3, 0, 3, 3]
[3, 2, 2, 1, 3]
[4, 2, 0, 4, 0]


parent1
[4, 3, 3, 2, 1]
[0, 4, 4, 3, 3]
[2, 1, 3, 3, 2]
[1, 4, 0, 1, 2]
[3, 4, 0, 1, 0]


parent2
[2, 2, 0, 0, 3]
[2, 1, 0, 1, 1]
[0, 4, 4, 2, 1]
[3, 2, 0, 3, 1]
[0, 1, 3, 0, 1]


after crossover
[2, 2, 0, 0, 3]
[2, 1, 0, 1, 1]
[0, 4, 4, 2, 1]
[1, 4, 0, 1, 2]
[3, 4, 0, 1, 0]


parent1
[2, 2, 0, 0, 3]
[2, 1, 0, 1, 1]
[0, 4, 4, 2, 1]
[3, 2, 0, 3, 1]
[0, 1, 3, 0, 1]


parent2
[2, 4, 4, 2, 2]
[4, 2, 2, 1, 2]
[4, 0, 4, 3, 3]
[3, 4, 1, 3, 2]
[1, 3, 2, 2, 0]


after crossover
[2, 4, 4, 2, 2]
[4, 2, 2, 1, 2]
[4, 0, 4, 3, 3]
[3, 2, 0, 3, 1]
[0, 1, 3, 0, 1]


parent1
[4, 4, 3, 0, 2]
[4, 1, 4, 1, 1]
[3, 2, 3, 4, 0]
[4, 1, 0, 3, 4]
[4, 3, 4, 2, 1]


parent2
[0, 1, 0, 2, 1]
[4, 2, 3, 4, 1]
[3, 3, 0, 3, 3]
[3, 2, 2, 1, 3]
[2, 0, 3, 2, 0]


after crossover
[0, 1, 0, 2, 1]
[4, 2, 3, 4, 1]
[3, 3, 0, 3, 3]
[3, 2, 2, 1, 3]
[4, 3, 4, 2, 1]


parent1
[3, 3, 2, 3, 4]
[4, 4, 2, 4, 2]
[1, 1, 0, 0, 4]
[0, 0, 2, 2, 1]
[1, 3, 4, 4, 1]


parent2
[4, 4, 3, 0, 2]
[4, 1, 4, 1, 1]
[3, 2, 3, 4, 0]
[4, 1, 0, 3, 4]
[4, 3, 4, 2, 1]


after crossover
[4, 4, 3, 0, 2]
[4, 1, 4, 1, 1]
[3, 2, 3, 4, 0]
[4, 1, 0, 3, 4]
[1, 3, 4, 4, 1]


after mutation
[4, 4, 3, 0, 2]
[4, 1, 1, 1, 1]
[3, 2, 3, 4, 0]
[4, 1, 0, 3, 4]
[1, 3, 4, 4, 1]


parent1
[1, 3, 4, 0, 0]
[0, 4, 2, 2, 3]
[4, 1, 2, 4, 4]
[4, 3, 2, 0, 1]
[3, 0, 3, 2, 4]


parent2
[4, 3, 3, 0, 4]
[4, 0, 4, 3, 2]
[4, 2, 4, 2, 2]
[4, 1, 0, 3, 2]
[1, 2, 2, 0, 3]


after crossover
[4, 3, 3, 0, 4]
[4, 0, 4, 3, 2]
[4, 1, 2, 4, 4]
[4, 3, 2, 0, 1]
[3, 0, 3, 2, 4]


parent1
[2, 4, 3, 2, 0]
[1, 2, 0, 1, 4]
[4, 4, 2, 4, 3]
[0, 4, 1, 1, 4]
[0, 2, 4, 0, 4]


parent2
[2, 2, 1, 0, 0]
[3, 4, 1, 2, 1]
[1, 1, 4, 3, 0]
[3, 2, 4, 2, 0]
[1, 4, 3, 3, 4]


after crossover
[2, 2, 1, 0, 0]
[3, 4, 1, 2, 1]
[1, 1, 4, 3, 0]
[0, 4, 1, 1, 4]
[0, 2, 4, 0, 4]


after mutation
[2, 2, 1, 0, 0]
[3, 4, 1, 2, 3]
[1, 1, 4, 3, 0]
[0, 4, 1, 1, 4]
[0, 2, 4, 0, 4]


parent1
[3, 1, 3, 2, 2]
[4, 4, 4, 0, 2]
[2, 2, 2, 1, 1]
[2, 4, 1, 4, 4]
[3, 2, 0, 1, 2]


parent2
[3, 3, 2, 3, 2]
[2, 0, 3, 4, 1]
[4, 2, 0, 2, 3]
[4, 2, 4, 3, 2]
[1, 2, 3, 0, 4]


after crossover
[3, 3, 2, 3, 2]
[4, 4, 4, 0, 2]
[2, 2, 2, 1, 1]
[2, 4, 1, 4, 4]
[3, 2, 0, 1, 2]


parent1
[4, 1, 0, 0, 0]
[4, 0, 1, 4, 2]
[2, 0, 2, 1, 2]
[2, 1, 3, 2, 4]
[1, 4, 0, 1, 0]


parent2
[1, 1, 2, 1, 3]
[2, 0, 1, 2, 4]
[4, 4, 0, 2, 0]
[2, 4, 2, 0, 2]
[0, 3, 1, 4, 1]


after crossover
[1, 1, 2, 1, 3]
[4, 0, 1, 4, 2]
[2, 0, 2, 1, 2]
[2, 1, 3, 2, 4]
[1, 4, 0, 1, 0]


parent1
[2, 3, 0, 3, 1]
[0, 4, 4, 4, 1]
[4, 4, 2, 1, 4]
[4, 4, 1, 2, 3]
[4, 0, 3, 0, 0]


parent2
[0, 0, 1, 2, 3]
[4, 1, 4, 4, 4]
[1, 3, 1, 0, 2]
[0, 2, 2, 2, 4]
[1, 4, 4, 0, 3]


after crossover
[0, 0, 1, 2, 3]
[4, 1, 4, 4, 4]
[1, 3, 1, 0, 2]
[4, 4, 1, 2, 3]
[4, 0, 3, 0, 0]


parent1
[3, 4, 4, 3, 2]
[4, 0, 4, 1, 1]
[4, 1, 4, 1, 1]
[3, 1, 2, 4, 2]
[2, 1, 4, 4, 1]


parent2
[2, 0, 4, 0, 1]
[3, 2, 4, 0, 2]
[4, 3, 0, 0, 2]
[1, 0, 0, 4, 2]
[1, 2, 1, 3, 3]


after crossover
[2, 0, 4, 0, 1]
[3, 2, 4, 0, 2]
[4, 3, 0, 0, 2]
[3, 1, 2, 4, 2]
[2, 1, 4, 4, 1]


parent1
[4, 1, 1, 2, 2]
[0, 1, 1, 1, 0]
[2, 0, 4, 2, 0]
[1, 3, 1, 3, 1]
[1, 4, 3, 3, 0]


parent2
[1, 1, 4, 1, 0]
[0, 3, 3, 0, 1]
[1, 0, 2, 0, 2]
[4, 2, 4, 4, 3]
[4, 2, 2, 3, 0]


after crossover
[1, 1, 4, 1, 0]
[0, 3, 3, 0, 1]
[1, 0, 2, 0, 2]
[4, 2, 4, 4, 3]
[1, 4, 3, 3, 0]


parent1
[4, 4, 4, 4, 4]
[2, 3, 0, 3, 3]
[3, 4, 0, 0, 1]
[1, 3, 1, 2, 2]
[4, 1, 1, 2, 2]


parent2
[1, 3, 0, 2, 4]
[3, 0, 1, 0, 2]
[3, 3, 1, 3, 3]
[3, 4, 4, 3, 4]
[4, 1, 1, 1, 0]


after crossover
[1, 3, 0, 2, 4]
[2, 3, 0, 3, 3]
[3, 4, 0, 0, 1]
[1, 3, 1, 2, 2]
[4, 1, 1, 2, 2]


parent1
[3, 2, 3, 2, 0]
[1, 0, 2, 2, 0]
[2, 0, 2, 4, 3]
[0, 1, 2, 1, 4]
[3, 4, 4, 3, 2]


parent2
[3, 3, 3, 3, 4]
[1, 0, 0, 4, 2]
[2, 4, 3, 3, 2]
[1, 0, 0, 1, 0]
[4, 4, 1, 4, 4]


after crossover
[3, 3, 3, 3, 4]
[1, 0, 0, 4, 2]
[2, 4, 3, 3, 2]
[0, 1, 2, 1, 4]
[3, 4, 4, 3, 2]


parent1
[3, 1, 1, 0, 1]
[4, 1, 3, 0, 3]
[1, 0, 3, 3, 2]
[0, 3, 4, 1, 1]
[2, 1, 4, 0, 2]


parent2
[2, 1, 4, 3, 4]
[2, 1, 1, 4, 4]
[2, 0, 1, 0, 2]
[3, 4, 3, 4, 1]
[3, 0, 0, 2, 2]


after crossover
[2, 1, 4, 3, 4]
[2, 1, 1, 4, 4]
[2, 0, 1, 0, 2]
[0, 3, 4, 1, 1]
[2, 1, 4, 0, 2]


parent1
[1, 2, 1, 0, 1]
[2, 2, 4, 2, 3]
[1, 3, 3, 3, 3]
[3, 2, 0, 1, 4]
[0, 0, 1, 3, 1]


parent2
[1, 3, 4, 1, 3]
[0, 4, 4, 3, 0]
[2, 1, 1, 4, 4]
[1, 1, 2, 1, 0]
[4, 4, 1, 1, 1]


after crossover
[1, 3, 4, 1, 3]
[0, 4, 4, 3, 0]
[2, 1, 1, 4, 4]
[1, 1, 2, 1, 0]
[0, 0, 1, 3, 1]


parent1
[4, 4, 1, 0, 4]
[2, 0, 0, 3, 4]
[2, 3, 0, 4, 3]
[1, 1, 3, 2, 1]
[3, 1, 4, 1, 0]


parent2
[2, 3, 3, 3, 1]
[4, 4, 1, 1, 3]
[1, 1, 4, 3, 4]
[1, 0, 4, 3, 1]
[1, 0, 0, 2, 3]


after crossover
[2, 3, 3, 3, 1]
[4, 4, 1, 1, 3]
[1, 1, 4, 3, 4]
[1, 1, 3, 2, 1]
[3, 1, 4, 1, 0]


parent1
[0, 3, 1, 2, 2]
[3, 0, 4, 4, 2]
[1, 0, 0, 0, 4]
[1, 3, 1, 2, 4]
[1, 4, 3, 3, 3]


parent2
[4, 2, 3, 1, 4]
[1, 4, 0, 4, 2]
[1, 2, 2, 4, 2]
[2, 0, 0, 4, 0]
[2, 4, 0, 4, 2]


after crossover
[4, 2, 3, 1, 4]
[1, 4, 0, 4, 2]
[1, 0, 0, 0, 4]
[1, 3, 1, 2, 4]
[1, 4, 3, 3, 3]


after mutation
[4, 2, 3, 1, 4]
[1, 4, 0, 4, 2]
[1, 0, 0, 0, 3]
[1, 3, 1, 2, 4]
[1, 4, 3, 3, 3]


parent1
[3, 4, 3, 2, 1]
[0, 4, 0, 1, 3]
[1, 1, 2, 2, 2]
[1, 3, 0, 3, 0]
[0, 4, 3, 2, 4]


parent2
[2, 3, 0, 3, 1]
[0, 4, 4, 4, 1]
[4, 4, 2, 1, 4]
[4, 4, 1, 2, 3]
[4, 0, 3, 0, 0]


after crossover
[2, 3, 0, 3, 1]
[0, 4, 0, 1, 3]
[1, 1, 2, 2, 2]
[1, 3, 0, 3, 0]
[0, 4, 3, 2, 4]


after mutation
[2, 3, 0, 0, 1]
[0, 4, 0, 1, 3]
[1, 1, 2, 2, 2]
[1, 3, 0, 3, 0]
[0, 4, 3, 2, 4]


parent1
[4, 1, 0, 0, 0]
[4, 0, 1, 4, 2]
[2, 0, 2, 1, 2]
[2, 1, 3, 2, 4]
[1, 4, 0, 1, 0]


parent2
[2, 3, 4, 2, 1]
[0, 2, 4, 3, 4]
[0, 0, 4, 1, 1]
[0, 2, 0, 3, 3]
[2, 4, 3, 2, 2]


after crossover
[4, 1, 0, 0, 0]
[4, 0, 1, 4, 2]
[2, 0, 2, 1, 2]
[2, 1, 3, 2, 4]
[2, 4, 3, 2, 2]


after mutation
[4, 1, 0, 0, 0]
[4, 0, 1, 4, 2]
[2, 0, 0, 1, 2]
[2, 1, 3, 2, 4]
[2, 4, 3, 2, 2]


parent1
[0, 3, 2, 2, 1]
[0, 3, 2, 1, 0]
[1, 1, 0, 4, 1]
[4, 2, 0, 1, 4]
[2, 3, 3, 2, 1]


parent2
[0, 3, 4, 0, 2]
[1, 3, 1, 1, 2]
[0, 4, 4, 2, 4]
[3, 2, 3, 3, 4]
[3, 3, 0, 4, 4]


after crossover
[0, 3, 4, 0, 2]
[1, 3, 1, 1, 2]
[0, 4, 4, 2, 4]
[4, 2, 0, 1, 4]
[2, 3, 3, 2, 1]


parent1
[0, 1, 3, 4, 0]
[2, 4, 3, 3, 0]
[0, 0, 0, 3, 4]
[4, 4, 4, 3, 3]
[3, 0, 0, 0, 2]


parent2
[3, 2, 3, 2, 0]
[1, 0, 2, 2, 0]
[2, 0, 2, 4, 3]
[0, 1, 2, 1, 4]
[3, 4, 4, 3, 2]


after crossover
[3, 2, 3, 2, 0]
[2, 4, 3, 3, 0]
[0, 0, 0, 3, 4]
[4, 4, 4, 3, 3]
[3, 0, 0, 0, 2]


after mutation
[3, 2, 3, 2, 0]
[2, 4, 3, 3, 0]
[0, 0, 0, 3, 4]
[4, 4, 1, 3, 3]
[3, 0, 0, 0, 2]


parent1
[4, 1, 0, 0, 0]
[4, 0, 1, 4, 2]
[2, 0, 2, 1, 2]
[2, 1, 3, 2, 4]
[1, 4, 0, 1, 0]


parent2
[2, 4, 3, 2, 0]
[1, 2, 0, 1, 4]
[4, 4, 2, 4, 3]
[0, 4, 1, 1, 4]
[0, 2, 4, 0, 4]


after crossover
[2, 4, 3, 2, 0]
[1, 2, 0, 1, 4]
[4, 4, 2, 4, 3]
[2, 1, 3, 2, 4]
[1, 4, 0, 1, 0]


parent1
[2, 1, 4, 3, 4]
[2, 1, 1, 4, 4]
[2, 0, 1, 0, 2]
[3, 4, 3, 4, 1]
[3, 0, 0, 2, 2]


parent2
[4, 0, 3, 2, 1]
[1, 1, 1, 3, 2]
[2, 1, 0, 4, 2]
[3, 0, 4, 1, 0]
[3, 3, 1, 4, 4]


after crossover
[4, 0, 3, 2, 1]
[1, 1, 1, 3, 2]
[2, 1, 0, 4, 2]
[3, 0, 4, 1, 0]
[3, 0, 0, 2, 2]


parent1
[1, 2, 3, 3, 2]
[3, 4, 1, 3, 1]
[3, 0, 2, 1, 1]
[2, 1, 0, 0, 4]
[4, 3, 3, 1, 3]


parent2
[1, 0, 3, 3, 1]
[4, 3, 1, 0, 3]
[2, 0, 4, 0, 3]
[2, 2, 3, 4, 2]
[3, 4, 4, 0, 2]


after crossover
[1, 0, 3, 3, 1]
[4, 3, 1, 0, 3]
[2, 0, 4, 0, 3]
[2, 2, 3, 4, 2]
[4, 3, 3, 1, 3]


parent1
[2, 3, 3, 3, 1]
[4, 4, 1, 1, 3]
[1, 1, 4, 3, 4]
[1, 0, 4, 3, 1]
[1, 0, 0, 2, 3]


parent2
[3, 2, 3, 1, 2]
[2, 1, 0, 4, 0]
[1, 1, 1, 1, 0]
[3, 3, 4, 0, 1]
[4, 1, 2, 3, 1]


after crossover
[3, 2, 3, 1, 2]
[4, 4, 1, 1, 3]
[1, 1, 4, 3, 4]
[1, 0, 4, 3, 1]
[1, 0, 0, 2, 3]


after mutation
[3, 2, 3, 1, 2]
[4, 4, 2, 1, 3]
[1, 1, 4, 3, 4]
[1, 0, 4, 3, 1]
[1, 0, 0, 2, 3]


parent1
[4, 0, 3, 2, 1]
[1, 1, 1, 3, 2]
[2, 1, 0, 4, 2]
[3, 0, 4, 1, 0]
[3, 3, 1, 4, 4]


parent2
[1, 3, 4, 3, 3]
[0, 3, 1, 1, 0]
[2, 2, 0, 2, 1]
[0, 1, 1, 4, 2]
[2, 2, 3, 1, 1]


after crossover
[1, 3, 4, 3, 3]
[0, 3, 1, 1, 0]
[2, 2, 0, 2, 1]
[0, 1, 1, 4, 2]
[3, 3, 1, 4, 4]


after mutation
[1, 3, 4, 3, 0]
[0, 3, 1, 1, 0]
[2, 2, 0, 2, 1]
[0, 1, 1, 4, 2]
[3, 3, 1, 4, 4]


parent1
[3, 1, 3, 2, 2]
[4, 4, 4, 0, 2]
[2, 2, 2, 1, 1]
[2, 4, 1, 4, 4]
[3, 2, 0, 1, 2]


parent2
[3, 4, 4, 3, 2]
[4, 0, 4, 1, 1]
[4, 1, 4, 1, 1]
[3, 1, 2, 4, 2]
[2, 1, 4, 4, 1]


after crossover
[3, 4, 4, 3, 2]
[4, 4, 4, 0, 2]
[2, 2, 2, 1, 1]
[2, 4, 1, 4, 4]
[3, 2, 0, 1, 2]


parent1
[3, 4, 2, 3, 3]
[1, 3, 4, 1, 2]
[4, 2, 2, 4, 4]
[3, 4, 1, 1, 2]
[0, 4, 4, 4, 1]


parent2
[0, 1, 0, 2, 1]
[4, 2, 3, 4, 1]
[3, 3, 0, 3, 3]
[3, 2, 2, 1, 3]
[2, 0, 3, 2, 0]


after crossover
[0, 1, 0, 2, 1]
[4, 2, 3, 4, 1]
[3, 3, 0, 3, 3]
[3, 4, 1, 1, 2]
[0, 4, 4, 4, 1]


parent1
[3, 3, 2, 3, 4]
[4, 4, 2, 4, 2]
[1, 1, 0, 0, 4]
[0, 0, 2, 2, 1]
[1, 3, 4, 4, 1]


parent2
[1, 2, 1, 0, 1]
[2, 2, 4, 2, 3]
[1, 3, 3, 3, 3]
[3, 2, 0, 1, 4]
[0, 0, 1, 3, 1]


after crossover
[1, 2, 1, 0, 1]
[2, 2, 4, 2, 3]
[1, 3, 3, 3, 3]
[0, 0, 2, 2, 1]
[1, 3, 4, 4, 1]


parent1
[3, 4, 4, 3, 3]
[4, 1, 0, 3, 4]
[0, 0, 0, 0, 4]
[4, 2, 0, 2, 4]
[3, 1, 2, 1, 2]


parent2
[4, 2, 0, 2, 2]
[2, 2, 1, 4, 4]
[0, 4, 1, 2, 4]
[4, 2, 1, 4, 0]
[1, 2, 3, 2, 0]


after crossover
[4, 2, 0, 2, 2]
[2, 2, 1, 4, 4]
[0, 4, 1, 2, 4]
[4, 2, 0, 2, 4]
[3, 1, 2, 1, 2]


after mutation
[4, 2, 0, 2, 2]
[2, 2, 1, 4, 4]
[0, 4, 1, 2, 4]
[4, 2, 0, 2, 4]
[3, 1, 2, 4, 2]


parent1
[2, 0, 1, 4, 4]
[1, 4, 0, 0, 4]
[1, 3, 0, 0, 1]
[2, 2, 3, 2, 1]
[1, 0, 4, 3, 4]


parent2
[3, 0, 1, 2, 4]
[3, 3, 4, 3, 1]
[0, 1, 3, 0, 1]
[2, 2, 1, 4, 1]
[1, 0, 3, 4, 3]


after crossover
[3, 0, 1, 2, 4]
[1, 4, 0, 0, 4]
[1, 3, 0, 0, 1]
[2, 2, 3, 2, 1]
[1, 0, 4, 3, 4]


after mutation
[3, 0, 1, 4, 4]
[1, 4, 0, 0, 4]
[1, 3, 0, 0, 1]
[2, 2, 3, 2, 1]
[1, 0, 4, 3, 4]


tabu new_pop
[2, 3, 3, 3, 1]
[1, 0, 2, 2, 0]
[2, 0, 2, 4, 3]
[0, 1, 2, 1, 4]
[2, 4, 4, 3, 2]


tabu new_pop
[4, 4, 0, 3, 4]
[3, 2, 1, 4, 3]
[0, 1, 4, 0, 2]
[3, 1, 3, 0, 3]
[1, 2, 0, 2, 2]


tabu new_pop
[3, 3, 3, 3, 4]
[1, 0, 0, 4, 2]
[2, 1, 3, 3, 2]
[1, 0, 0, 1, 0]
[3, 2, 0, 1, 2]


tabu new_pop
[1, 4, 1, 3, 3]
[0, 2, 2, 0, 0]
[0, 4, 3, 0, 1]
[2, 2, 1, 4, 1]
[1, 0, 3, 4, 3]


tabu new_pop
[0, 1, 3, 4, 4]
[2, 4, 3, 3, 0]
[0, 0, 0, 3, 4]
[4, 4, 4, 3, 3]
[4, 1, 2, 3, 1]


tabu new_pop
[2, 3, 3, 3, 2]
[1, 0, 2, 2, 0]
[2, 0, 2, 4, 3]
[0, 1, 2, 1, 4]
[2, 4, 4, 3, 2]


tabu new_pop
[4, 4, 4, 3, 4]
[3, 2, 1, 4, 3]
[0, 1, 4, 0, 2]
[3, 1, 3, 0, 3]
[1, 2, 0, 2, 2]


tabu new_pop
[1, 4, 1, 3, 4]
[0, 2, 2, 0, 0]
[0, 4, 3, 0, 1]
[2, 2, 1, 4, 1]
[1, 0, 3, 4, 3]


tabu new_pop
[0, 1, 3, 4, 4]
[2, 4, 3, 4, 0]
[0, 0, 0, 3, 4]
[4, 4, 4, 3, 3]
[4, 1, 2, 3, 1]


tabu new_pop
[3, 3, 3, 3, 4]
[1, 0, 0, 4, 2]
[2, 1, 3, 3, 2]
[1, 0, 0, 1, 4]
[3, 2, 0, 1, 2]


tabu new_pop
[2, 3, 3, 3, 2]
[1, 3, 2, 2, 0]
[2, 0, 2, 4, 3]
[0, 1, 2, 1, 4]
[2, 4, 4, 3, 2]


tabu new_pop
[1, 4, 1, 3, 4]
[0, 0, 2, 0, 0]
[0, 4, 3, 0, 1]
[2, 2, 1, 4, 1]
[1, 0, 3, 4, 3]


tabu new_pop
[4, 4, 4, 3, 4]
[3, 2, 1, 4, 1]
[0, 1, 4, 0, 2]
[3, 1, 3, 0, 3]
[1, 2, 0, 2, 2]


tabu new_pop
[0, 1, 3, 4, 4]
[2, 4, 3, 4, 0]
[0, 0, 0, 3, 4]
[4, 4, 4, 1, 3]
[4, 1, 2, 3, 1]


tabu new_pop
[3, 3, 3, 3, 4]
[1, 0, 0, 4, 2]
[2, 1, 3, 3, 2]
[1, 0, 0, 2, 4]
[3, 2, 0, 1, 2]


tabu new_pop
[2, 3, 3, 3, 2]
[1, 3, 2, 2, 0]
[3, 0, 2, 4, 3]
[0, 1, 2, 1, 4]
[2, 4, 4, 3, 2]


tabu new_pop
[4, 4, 4, 3, 4]
[3, 2, 1, 4, 1]
[3, 1, 4, 0, 2]
[3, 1, 3, 0, 3]
[1, 2, 0, 2, 2]


tabu new_pop
[1, 4, 1, 3, 4]
[0, 0, 2, 4, 0]
[0, 4, 3, 0, 1]
[2, 2, 1, 4, 1]
[1, 0, 3, 4, 3]


tabu new_pop
[1, 1, 3, 4, 4]
[2, 4, 3, 4, 0]
[0, 0, 0, 3, 4]
[4, 4, 4, 1, 3]
[4, 1, 2, 3, 1]


tabu new_pop
[3, 3, 3, 3, 4]
[4, 0, 0, 4, 2]
[2, 1, 3, 3, 2]
[1, 0, 0, 2, 4]
[3, 2, 0, 1, 2]


tabu new_pop
[2, 3, 3, 3, 2]
[1, 3, 2, 2, 0]
[3, 0, 2, 4, 3]
[0, 1, 2, 1, 2]
[2, 4, 4, 3, 2]


tabu new_pop
[3, 3, 3, 3, 4]
[4, 0, 0, 4, 2]
[2, 1, 3, 3, 2]
[1, 0, 0, 2, 4]
[3, 2, 0, 1, 3]


tabu new_pop
[4, 4, 4, 0, 4]
[3, 2, 1, 4, 1]
[3, 1, 4, 0, 2]
[3, 1, 3, 0, 3]
[1, 2, 0, 2, 2]


tabu new_pop
[1, 4, 1, 3, 4]
[0, 0, 2, 4, 0]
[0, 4, 3, 3, 1]
[2, 2, 1, 4, 1]
[1, 0, 3, 4, 3]


tabu new_pop
[1, 1, 3, 4, 4]
[3, 4, 3, 4, 0]
[0, 0, 0, 3, 4]
[4, 4, 4, 1, 3]
[4, 1, 2, 3, 1]


tabu new_pop
[3, 3, 4, 3, 4]
[2, 3, 4, 1, 4]
[3, 3, 2, 3, 0]
[3, 1, 4, 2, 2]
[1, 2, 2, 2, 2]


tabu new_pop
[0, 2, 0, 2, 2]
[2, 2, 1, 4, 4]
[0, 4, 1, 2, 4]
[2, 2, 3, 2, 1]
[1, 0, 4, 3, 4]


tabu new_pop
[3, 2, 3, 2, 0]
[1, 4, 3, 3, 0]
[0, 0, 0, 3, 4]
[4, 4, 1, 3, 3]
[3, 0, 0, 0, 2]


tabu new_pop
[1, 1, 2, 1, 3]
[4, 0, 1, 4, 2]
[2, 0, 2, 1, 2]
[2, 1, 3, 2, 4]
[1, 4, 0, 1, 2]


tabu new_pop
[0, 0, 0, 0, 3]
[2, 4, 0, 4, 2]
[0, 2, 1, 2, 1]
[3, 4, 3, 0, 1]
[4, 2, 2, 3, 0]


hill best robot
[3, 3, 4, 3, 4]
[2, 3, 4, 1, 4]
[3, 3, 2, 3, 0]
[3, 1, 4, 2, 2]
[1, 2, 2, 2, 2]


tabu new_pop
[3, 3, 4, 3, 4]
[2, 3, 4, 1, 4]
[3, 2, 2, 3, 0]
[3, 1, 4, 2, 2]
[1, 2, 2, 2, 2]


tabu new_pop
[0, 2, 0, 2, 2]
[2, 2, 1, 4, 4]
[0, 4, 1, 2, 4]
[2, 2, 3, 2, 1]
[1, 0, 4, 3, 2]


tabu new_pop
[3, 2, 3, 2, 0]
[1, 4, 3, 3, 0]
[0, 0, 0, 3, 4]
[4, 4, 1, 3, 3]
[1, 0, 0, 0, 2]


tabu new_pop
[1, 1, 2, 1, 3]
[4, 0, 1, 4, 2]
[2, 0, 1, 1, 2]
[2, 1, 3, 2, 4]
[1, 4, 0, 1, 2]


tabu new_pop
[0, 0, 0, 0, 3]
[2, 4, 0, 4, 2]
[0, 2, 4, 2, 1]
[3, 4, 3, 0, 1]
[4, 2, 2, 3, 0]


tabu new_pop
[3, 3, 4, 3, 4]
[2, 3, 4, 1, 4]
[2, 2, 2, 3, 0]
[3, 1, 4, 2, 2]
[1, 2, 2, 2, 2]


tabu new_pop
[0, 2, 0, 2, 2]
[2, 2, 1, 4, 4]
[2, 4, 1, 2, 4]
[2, 2, 3, 2, 1]
[1, 0, 4, 3, 2]


tabu new_pop
[3, 2, 3, 2, 0]
[1, 4, 3, 3, 0]
[0, 0, 0, 3, 4]
[3, 4, 1, 3, 3]
[1, 0, 0, 0, 2]


tabu new_pop
[1, 1, 2, 1, 3]
[4, 0, 1, 2, 2]
[2, 0, 1, 1, 2]
[2, 1, 3, 2, 4]
[1, 4, 0, 1, 2]


tabu new_pop
[0, 0, 0, 0, 3]
[2, 4, 0, 4, 2]
[0, 2, 4, 2, 1]
[3, 4, 3, 0, 1]
[4, 2, 2, 2, 0]


tabu new_pop
[0, 2, 0, 2, 2]
[2, 2, 4, 4, 4]
[2, 4, 1, 2, 4]
[2, 2, 3, 2, 1]
[1, 0, 4, 3, 2]


tabu new_pop
[3, 3, 4, 3, 2]
[2, 3, 4, 1, 4]
[2, 2, 2, 3, 0]
[3, 1, 4, 2, 2]
[1, 2, 2, 2, 2]


tabu new_pop
[3, 2, 3, 3, 0]
[1, 4, 3, 3, 0]
[0, 0, 0, 3, 4]
[3, 4, 1, 3, 3]
[1, 0, 0, 0, 2]


tabu new_pop
[1, 1, 2, 1, 3]
[4, 0, 1, 2, 3]
[2, 0, 1, 1, 2]
[2, 1, 3, 2, 4]
[1, 4, 0, 1, 2]


tabu new_pop
[0, 0, 0, 0, 3]
[2, 4, 0, 4, 2]
[0, 2, 4, 2, 1]
[3, 4, 3, 0, 1]
[1, 2, 2, 2, 0]


tabu new_pop
[0, 2, 2, 2, 2]
[2, 2, 4, 4, 4]
[2, 4, 1, 2, 4]
[2, 2, 3, 2, 1]
[1, 0, 4, 3, 2]


tabu new_pop
[3, 3, 4, 3, 2]
[2, 3, 4, 1, 4]
[2, 2, 2, 3, 0]
[3, 1, 4, 2, 2]
[0, 2, 2, 2, 2]


tabu new_pop
[3, 2, 3, 3, 0]
[1, 4, 3, 3, 0]
[0, 0, 0, 3, 4]
[3, 4, 1, 3, 3]
[1, 0, 0, 1, 2]


tabu new_pop
[1, 1, 2, 1, 3]
[4, 0, 1, 2, 3]
[3, 0, 1, 1, 2]
[2, 1, 3, 2, 4]
[1, 4, 0, 1, 2]


tabu new_pop
[0, 0, 0, 0, 3]
[2, 4, 0, 4, 2]
[0, 2, 4, 2, 1]
[3, 0, 3, 0, 1]
[1, 2, 2, 2, 0]


